<<<<<<< HEAD
,gene_id,log(estimated_junction half-life [min])
0,ENSG00000000419,5.499335199940888
1,ENSG00000000457,4.272625838847367
2,ENSG00000000460,4.919879509187989
3,ENSG00000000971,7.864441497516843
4,ENSG00000001036,6.754357821441727
5,ENSG00000001084,5.810410691463374
6,ENSG00000001167,5.30402784022559
7,ENSG00000001497,6.9081981785963915
8,ENSG00000001629,5.710545977010941
9,ENSG00000001630,6.895951924946314
10,ENSG00000001631,5.240594321232182
11,ENSG00000002549,5.810763838812698
12,ENSG00000002822,4.292755226336487
13,ENSG00000002834,5.887341734145372
14,ENSG00000002919,5.335449271095572
15,ENSG00000003056,5.860947147492419
16,ENSG00000003147,5.142599369057861
17,ENSG00000003393,5.989129024761448
18,ENSG00000003400,5.875195464102094
19,ENSG00000003402,5.687277915725082
20,ENSG00000003436,6.112134424593565
21,ENSG00000003509,5.735733451339296
22,ENSG00000003756,4.672424222784425
23,ENSG00000004059,6.714076634319374
24,ENSG00000004139,3.7141699159480046
25,ENSG00000004142,6.177529103897116
26,ENSG00000004399,6.9911589879294285
27,ENSG00000004455,6.822686028178699
28,ENSG00000004478,7.127922606641959
29,ENSG00000004487,6.102750866709566
30,ENSG00000004534,5.638186438805449
31,ENSG00000004700,6.27955027935451
32,ENSG00000004766,5.528641178764011
33,ENSG00000004779,6.032256503262289
34,ENSG00000004864,5.455537729239541
35,ENSG00000004866,4.9861705840824575
36,ENSG00000004897,5.5814071053001015
37,ENSG00000004961,5.393589081137657
38,ENSG00000004975,5.611656256356221
39,ENSG00000005007,5.60586903203236
40,ENSG00000005022,6.539862851713666
41,ENSG00000005075,6.414463790332396
42,ENSG00000005100,5.652296868436119
43,ENSG00000005156,6.226381771900538
44,ENSG00000005175,5.380183019511276
45,ENSG00000005187,6.58532235503963
46,ENSG00000005189,6.360264478987002
47,ENSG00000005194,6.2792820704604075
48,ENSG00000005238,4.244669950900423
49,ENSG00000005249,6.750819906721401
50,ENSG00000005302,5.598281962119673
51,ENSG00000005339,4.758734020398686
52,ENSG00000005379,3.254273069450205
53,ENSG00000005436,6.6230111317877025
54,ENSG00000005483,4.9147842566038396
55,ENSG00000005486,6.901817452415668
56,ENSG00000005700,5.619850414697139
57,ENSG00000005801,5.303814303674514
58,ENSG00000005810,5.480352949769522
59,ENSG00000005812,4.600826511985297
60,ENSG00000005889,4.339035553613596
61,ENSG00000005893,6.481846555995532
62,ENSG00000006007,6.546301514733761
63,ENSG00000006015,7.447351447684196
64,ENSG00000006025,5.200709417312609
65,ENSG00000006062,4.017364976384443
66,ENSG00000006125,6.397914230229085
67,ENSG00000006194,4.9734472754401695
68,ENSG00000006327,4.51334654853998
69,ENSG00000006451,6.270623611653389
70,ENSG00000006453,6.247674445629744
71,ENSG00000006459,5.191945870819071
72,ENSG00000006530,6.236563174581271
73,ENSG00000006576,6.063812705077983
74,ENSG00000006607,5.045256905724574
75,ENSG00000006625,7.3951641339275636
76,ENSG00000006634,5.634455402911968
77,ENSG00000006652,5.621730535305255
78,ENSG00000006704,5.737445777250475
79,ENSG00000006712,5.566096888940532
80,ENSG00000006715,6.158903619547303
81,ENSG00000006744,5.701679285317983
82,ENSG00000006757,6.204242329288318
83,ENSG00000006831,5.340183126432864
84,ENSG00000007038,8.318967746401448
85,ENSG00000007047,6.4105301688303635
86,ENSG00000007080,6.403189110051446
87,ENSG00000007168,5.690157037303773
88,ENSG00000007202,6.665930327305869
89,ENSG00000007341,6.0742550606825505
90,ENSG00000007372,5.166077993637606
91,ENSG00000007376,6.08187057798854
92,ENSG00000007384,5.9485944533021415
93,ENSG00000007392,5.123469189717892
94,ENSG00000007520,6.296487812182216
95,ENSG00000007545,5.033912079515631
96,ENSG00000007866,6.296316477652279
97,ENSG00000007923,4.798205854717496
98,ENSG00000007944,4.290603708590368
99,ENSG00000007968,5.086973446508142
100,ENSG00000008018,5.852474513582006
101,ENSG00000008083,5.240819661328201
102,ENSG00000008128,5.1215490918029545
103,ENSG00000008130,6.172467300138406
104,ENSG00000008196,4.8309836483922055
105,ENSG00000008256,6.21581083215978
106,ENSG00000008282,6.53728805290184
107,ENSG00000008283,5.285727351015121
108,ENSG00000008294,5.550080842305961
109,ENSG00000008300,3.8839318805098824
110,ENSG00000008324,4.937434783574466
111,ENSG00000008394,7.84614396212431
112,ENSG00000008405,5.619949601193788
113,ENSG00000008441,5.568051052003754
114,ENSG00000008838,6.2518157927296025
115,ENSG00000008869,5.629185584447038
116,ENSG00000008952,5.951947000191153
117,ENSG00000008988,6.168919353208064
118,ENSG00000009307,6.247757548454658
119,ENSG00000009335,5.38003119506838
120,ENSG00000009413,4.809516674057734
121,ENSG00000009780,5.195279636222764
122,ENSG00000009830,4.700834544217387
123,ENSG00000009844,5.5748266357367235
124,ENSG00000009954,5.084474358449006
125,ENSG00000010017,5.766912804140347
126,ENSG00000010072,4.71281771511178
127,ENSG00000010165,5.967662138429493
128,ENSG00000010219,7.34591206974882
129,ENSG00000010244,5.421556215139766
130,ENSG00000010256,6.304135886160483
131,ENSG00000010270,6.043793478053363
132,ENSG00000010278,5.914379825292854
133,ENSG00000010292,5.710908034299042
134,ENSG00000010310,6.3351558003348405
135,ENSG00000010318,5.945535299031516
136,ENSG00000010322,5.955796483981575
137,ENSG00000010404,5.683991391234757
138,ENSG00000010539,4.2110399036222725
139,ENSG00000010626,6.852428456879623
140,ENSG00000010671,6.722486083279715
141,ENSG00000010803,5.0986950759530005
142,ENSG00000010810,5.551308847378965
143,ENSG00000010818,4.550099517443826
144,ENSG00000011007,5.054222010063194
145,ENSG00000011009,6.343806520144401
146,ENSG00000011021,4.9249989020300715
147,ENSG00000011052,6.946955466092616
148,ENSG00000011114,4.5523553905098995
149,ENSG00000011132,6.946647434978446
150,ENSG00000011143,7.431777670049295
151,ENSG00000011198,5.463806282202902
152,ENSG00000011243,5.648355069718422
153,ENSG00000011258,4.801405212322741
154,ENSG00000011260,5.382544167220145
155,ENSG00000011275,5.17154054246494
156,ENSG00000011295,6.247024113606024
157,ENSG00000011304,5.798212622550441
158,ENSG00000011376,5.199088136337817
159,ENSG00000011405,5.769115013187128
160,ENSG00000011422,3.753773078774976
161,ENSG00000011426,5.094254074233389
162,ENSG00000011451,5.74410455102201
163,ENSG00000011454,5.597857968182102
164,ENSG00000011478,7.197358139186241
165,ENSG00000011485,6.435813908166094
166,ENSG00000011523,4.722620095453208
167,ENSG00000011566,5.660787330611901
168,ENSG00000011677,5.028867522559356
169,ENSG00000012048,5.719232465313146
170,ENSG00000012061,6.1156286834126075
171,ENSG00000012211,6.220410892620484
172,ENSG00000012660,6.8092251961181205
173,ENSG00000012779,6.36415340253067
174,ENSG00000012822,6.812799942339715
175,ENSG00000012963,6.325549776384323
176,ENSG00000012983,5.351075517876988
177,ENSG00000013275,6.0982223495118575
178,ENSG00000013288,5.675612246928223
179,ENSG00000013306,7.857131131406702
180,ENSG00000013374,6.066155142447901
181,ENSG00000013375,5.956337351000478
182,ENSG00000013392,5.863882287131158
183,ENSG00000013441,4.2595978466253435
184,ENSG00000013503,4.543564409875199
185,ENSG00000013561,5.915937137435639
186,ENSG00000013563,7.431906866225708
187,ENSG00000013573,5.3974314125547895
188,ENSG00000013588,4.420000355265758
189,ENSG00000013810,5.839948299164396
190,ENSG00000014123,6.350777086054776
191,ENSG00000014138,4.797568799137987
192,ENSG00000014164,5.868721744353214
193,ENSG00000014216,6.744081879817315
194,ENSG00000014641,7.024248405736645
195,ENSG00000014824,6.597109903243385
196,ENSG00000014914,4.244373964508651
197,ENSG00000014919,7.1876930794532345
198,ENSG00000015133,5.91576135266188
199,ENSG00000015153,4.78978581417798
200,ENSG00000015171,6.0308520031623045
201,ENSG00000015475,5.475307667371466
202,ENSG00000015479,5.895299111000331
203,ENSG00000015676,5.386607286862645
204,ENSG00000016864,6.34683975252459
205,ENSG00000017260,5.940513792955826
206,ENSG00000017483,7.774460798165458
207,ENSG00000017797,6.141400206535239
208,ENSG00000018189,6.170059462956209
209,ENSG00000018510,6.038881045569244
210,ENSG00000018610,5.659304136277355
211,ENSG00000018699,5.562663039927505
212,ENSG00000018869,4.056541977445694
213,ENSG00000020129,6.14831869211106
214,ENSG00000020426,6.337304476133393
215,ENSG00000020922,5.900427148972069
216,ENSG00000021355,6.479897264611698
217,ENSG00000021574,5.0009714345241445
218,ENSG00000021776,5.0559899078242525
219,ENSG00000022277,5.828757012684131
220,ENSG00000022556,5.206574682400628
221,ENSG00000022840,5.809759793538931
222,ENSG00000023041,5.824521988284467
223,ENSG00000023191,5.9886256976236165
224,ENSG00000023228,6.2380002151913265
225,ENSG00000023287,5.181372149983082
226,ENSG00000023318,6.712902411653866
227,ENSG00000023330,5.258816881998157
228,ENSG00000023572,5.7237238174625995
229,ENSG00000023697,7.589108801633952
230,ENSG00000023734,6.693158459950297
231,ENSG00000023892,7.916311625452377
232,ENSG00000023909,5.508665454279605
233,ENSG00000024048,5.417115905530063
234,ENSG00000024526,5.525815313695967
235,ENSG00000024862,5.78853656910987
236,ENSG00000025039,6.166958506490549
237,ENSG00000025156,5.688825735723178
238,ENSG00000025434,6.604359224923254
239,ENSG00000025770,5.950535438064275
240,ENSG00000025772,5.901178427924102
241,ENSG00000025796,5.843972657180996
242,ENSG00000025800,5.403661645609289
243,ENSG00000026025,6.558111997612593
244,ENSG00000026297,7.056612854172213
245,ENSG00000026508,5.109060451425054
246,ENSG00000026652,5.518558397339119
247,ENSG00000026950,6.546397936391664
248,ENSG00000027697,5.969765263596871
249,ENSG00000028116,6.429431894638942
250,ENSG00000028137,6.296347701625577
251,ENSG00000028203,5.8084060153619586
252,ENSG00000028310,5.416705834745827
253,ENSG00000028528,5.627663394193897
254,ENSG00000028839,5.804145077685842
255,ENSG00000029153,6.885852824906934
256,ENSG00000029363,5.051569935025586
257,ENSG00000029364,5.488156160457194
258,ENSG00000029534,5.400665284210872
259,ENSG00000029639,6.478531590927396
260,ENSG00000029725,5.807091775346119
261,ENSG00000029993,5.390447712571608
262,ENSG00000030066,5.6716773023239835
263,ENSG00000030419,4.974010666081977
264,ENSG00000030582,6.414176441358694
265,ENSG00000031003,4.70629273318683
266,ENSG00000031691,4.572508813377698
267,ENSG00000031698,6.770995801430713
268,ENSG00000031823,5.831471887568981
269,ENSG00000032219,4.88802844931547
270,ENSG00000032389,6.031520325173489
271,ENSG00000032444,6.565387380166678
272,ENSG00000033011,5.288979390779104
273,ENSG00000033030,5.098990979554029
274,ENSG00000033050,6.147611521817163
275,ENSG00000033100,5.646288743344744
276,ENSG00000033170,6.220431267740795
277,ENSG00000033178,6.552768659277644
278,ENSG00000033327,5.5274767309052715
279,ENSG00000033627,5.672824863603667
280,ENSG00000033800,5.388470485998962
281,ENSG00000033867,6.484307439963154
282,ENSG00000034053,6.163046016977858
283,ENSG00000034510,6.023750913535391
284,ENSG00000034533,4.593202388134126
285,ENSG00000034693,6.46512286534448
286,ENSG00000034713,6.244189990579558
287,ENSG00000035141,6.299904074142268
288,ENSG00000035403,5.938017587037655
289,ENSG00000035499,5.911316398562489
290,ENSG00000035681,5.087344641603064
291,ENSG00000035687,6.358040582718925
292,ENSG00000035928,5.559272869146871
293,ENSG00000036054,5.9461765087265706
294,ENSG00000036257,5.637192853122581
295,ENSG00000036549,4.74491255243973
296,ENSG00000036672,5.063379760093122
297,ENSG00000037241,5.901641221014361
298,ENSG00000037474,5.642103782133716
299,ENSG00000037637,5.443246772154221
300,ENSG00000037749,4.9129374160198696
301,ENSG00000037757,7.571749744934799
302,ENSG00000037897,4.802597813931985
303,ENSG00000038002,5.930625590311856
304,ENSG00000038210,5.831739294282056
305,ENSG00000038219,4.933457530359483
306,ENSG00000038274,5.821999901022326
307,ENSG00000038358,5.780036595015159
308,ENSG00000038382,5.2073484497261
309,ENSG00000038532,5.555927752383031
310,ENSG00000039123,5.723328375252764
311,ENSG00000039319,5.83993484154523
312,ENSG00000039523,6.710352421917511
313,ENSG00000039560,6.332648090059504
314,ENSG00000039650,6.352850212827724
315,ENSG00000040199,4.822634761348968
316,ENSG00000040275,5.692426689258265
317,ENSG00000040341,5.469609959404804
318,ENSG00000040487,4.7062077782347265
319,ENSG00000040531,5.0050898610558
320,ENSG00000040633,4.491695515588452
321,ENSG00000040933,5.820238478158326
322,ENSG00000041357,6.617498943372369
323,ENSG00000041802,5.676304207740773
324,ENSG00000041988,5.324222182913148
325,ENSG00000042088,5.479585075420836
326,ENSG00000042286,6.0115752308843176
327,ENSG00000042429,3.9906145967330846
328,ENSG00000042445,6.143403306024546
329,ENSG00000042493,6.2433715480428225
330,ENSG00000042753,6.422845885223741
331,ENSG00000043093,6.050739420504603
332,ENSG00000043143,4.994960873897985
333,ENSG00000043355,4.38826323061407
334,ENSG00000043462,6.304809451954825
335,ENSG00000043514,6.0403299561845145
336,ENSG00000044090,5.7187325716026205
337,ENSG00000044115,6.300870083195756
338,ENSG00000044446,5.66419438215326
339,ENSG00000044459,4.752838270715715
340,ENSG00000044574,6.098608184621203
341,ENSG00000046604,7.044028859022797
342,ENSG00000046647,6.2003346089548055
343,ENSG00000046651,5.730115419179383
344,ENSG00000046774,5.4202789184305535
345,ENSG00000047056,4.30377169570365
346,ENSG00000047188,6.017151515060396
347,ENSG00000047249,5.004009115116197
348,ENSG00000047315,5.737650459454657
349,ENSG00000047346,5.025509175377194
350,ENSG00000047410,5.987601162380031
351,ENSG00000047578,4.241961482373694
352,ENSG00000047579,5.577464968402865
353,ENSG00000047597,6.5659808529699
354,ENSG00000047648,6.097620721793178
355,ENSG00000047849,6.50318911360652
356,ENSG00000047932,5.570894922871059
357,ENSG00000048028,6.272714010034303
358,ENSG00000048052,5.523248236513448
359,ENSG00000048140,8.331195896442004
360,ENSG00000048162,5.8026520849816725
361,ENSG00000048392,5.734661339809973
362,ENSG00000048405,4.587443749118027
363,ENSG00000048471,3.869514719961791
364,ENSG00000048544,6.098122775067279
365,ENSG00000048649,5.480568077913146
366,ENSG00000048707,5.2137406767433605
367,ENSG00000048740,5.49335217957253
368,ENSG00000048828,5.426659311125704
369,ENSG00000048991,6.274425265296485
370,ENSG00000049167,5.632784206031439
371,ENSG00000049192,5.27579052049031
372,ENSG00000049245,5.636439589004234
373,ENSG00000049246,6.1748873109493845
374,ENSG00000049249,4.7223633993325995
375,ENSG00000049449,5.931925984733297
376,ENSG00000049541,6.1627223301072585
377,ENSG00000049618,5.215582087685374
378,ENSG00000049656,6.748943785073424
379,ENSG00000049759,5.38850076842314
380,ENSG00000049860,6.351260439573046
381,ENSG00000049883,5.81194787633316
382,ENSG00000050130,5.848489962375693
383,ENSG00000050344,6.259634356783753
384,ENSG00000050393,6.1784122155866745
385,ENSG00000050405,5.756792902471111
386,ENSG00000050426,8.056750882355438
387,ENSG00000050748,7.722169775809652
388,ENSG00000050767,7.062531750371838
389,ENSG00000051009,5.633912040769362
390,ENSG00000051108,5.0462697196934325
391,ENSG00000051180,5.673162510603388
392,ENSG00000051341,5.711224896985637
393,ENSG00000051382,5.696425606869156
394,ENSG00000051523,8.369178139859839
395,ENSG00000051596,7.225051815276358
396,ENSG00000051620,6.497656673763274
397,ENSG00000051825,5.121896259214627
398,ENSG00000052126,4.982965282653972
399,ENSG00000052344,5.936062999395212
400,ENSG00000052723,5.594332916659814
401,ENSG00000052749,5.495327964520491
402,ENSG00000052795,4.854472219024055
403,ENSG00000052802,6.851718321521871
404,ENSG00000052841,5.954282742908726
405,ENSG00000053254,5.127838575080012
406,ENSG00000053371,6.2612705329772655
407,ENSG00000053372,5.786642943753829
408,ENSG00000053501,5.982673328459004
409,ENSG00000053770,5.0995413888699375
410,ENSG00000053900,6.3127703150719885
411,ENSG00000054116,5.857979611154572
412,ENSG00000054118,5.515732318909823
413,ENSG00000054148,7.149350547511134
414,ENSG00000054267,4.717300379163837
415,ENSG00000054282,5.875067229635317
416,ENSG00000054523,5.668057628765344
417,ENSG00000054611,4.308073121610033
418,ENSG00000054690,6.027364633301264
419,ENSG00000054965,5.502135992484214
420,ENSG00000054967,5.236055659918752
421,ENSG00000054983,6.381815026571275
422,ENSG00000055044,5.604695507552281
423,ENSG00000055070,5.552188165496485
424,ENSG00000055118,6.300897788728856
425,ENSG00000055130,5.746558796049105
426,ENSG00000055147,6.95700182972184
427,ENSG00000055208,4.722926824474455
428,ENSG00000055211,6.5322171847735335
429,ENSG00000055332,6.465631165235274
430,ENSG00000055483,5.032257360177205
431,ENSG00000055609,5.228825540657081
432,ENSG00000055917,5.41713140918756
433,ENSG00000055950,6.593311715240754
434,ENSG00000056050,6.810083618360851
435,ENSG00000056097,5.763788155133897
436,ENSG00000056277,4.944075292401371
437,ENSG00000056586,4.823657222655023
438,ENSG00000057252,6.299534008541402
439,ENSG00000057294,6.2080889176291345
440,ENSG00000057468,3.9670074342178254
441,ENSG00000057608,6.606635963081767
442,ENSG00000057663,5.612192508678463
443,ENSG00000057757,5.5423189865152125
444,ENSG00000057935,5.488602277443099
445,ENSG00000058063,5.9197391485308195
446,ENSG00000058262,5.6519352781490895
447,ENSG00000058272,5.012444609071673
448,ENSG00000058600,4.879226436180954
449,ENSG00000058668,5.779051419133056
450,ENSG00000058673,5.355663865358211
451,ENSG00000058729,5.648525482212738
452,ENSG00000058799,6.914763361184663
453,ENSG00000058804,6.431224136085572
454,ENSG00000059145,5.131460849060602
455,ENSG00000059378,6.348335129595246
456,ENSG00000059573,6.834767710106728
457,ENSG00000059691,5.360053126874319
458,ENSG00000059728,4.492657314544555
459,ENSG00000059758,5.085561512320703
460,ENSG00000059769,4.945192408340717
461,ENSG00000059804,6.12074322797884
462,ENSG00000060069,4.632506262108722
463,ENSG00000060138,6.865795833138492
464,ENSG00000060237,5.4192381275125925
465,ENSG00000060339,5.214957301150596
466,ENSG00000060491,6.3396882685193745
467,ENSG00000060642,6.271106576114956
468,ENSG00000060688,4.855946447688774
469,ENSG00000060749,5.509564475742216
470,ENSG00000060762,7.174722354366447
471,ENSG00000060971,5.747223789956146
472,ENSG00000060982,7.0612358376343325
473,ENSG00000061273,6.236361468351618
474,ENSG00000061676,6.2525711079617
475,ENSG00000061794,5.991198576295436
476,ENSG00000061936,4.7869812730735175
477,ENSG00000061987,5.294907754900113
478,ENSG00000062194,5.583264497423811
479,ENSG00000062485,6.158095223075492
480,ENSG00000062582,6.534770624375324
481,ENSG00000062650,5.306309641629592
482,ENSG00000062716,5.688605224873378
483,ENSG00000062725,4.908577688130471
484,ENSG00000062822,6.319469791137239
485,ENSG00000063046,6.296704221360278
486,ENSG00000063169,5.255403087871224
487,ENSG00000063177,6.959090929808363
488,ENSG00000063180,5.498769257683721
489,ENSG00000063241,5.899527049254234
490,ENSG00000063244,5.911168535257188
491,ENSG00000063245,6.471576240318162
492,ENSG00000063322,5.445652406367354
493,ENSG00000063438,4.761098584213479
494,ENSG00000063587,5.519064055640015
495,ENSG00000063601,5.9572809813242715
496,ENSG00000063854,6.766594955388206
497,ENSG00000063978,4.9798596398184625
498,ENSG00000064012,4.8283226251312445
499,ENSG00000064102,5.831775762235153
500,ENSG00000064115,8.015833602888474
501,ENSG00000064199,5.623399412366609
502,ENSG00000064201,3.162687638442426
503,ENSG00000064313,5.040441911899388
504,ENSG00000064393,5.1181695701817835
505,ENSG00000064419,5.8411843865434
506,ENSG00000064489,5.09117442269139
507,ENSG00000064490,6.388194235673978
508,ENSG00000064547,6.522392208584704
509,ENSG00000064601,6.102824872929803
510,ENSG00000064607,5.799736461430963
511,ENSG00000064651,5.071289370336474
512,ENSG00000064652,7.327637230606493
513,ENSG00000064666,6.685982630657966
514,ENSG00000064703,4.625523015162327
515,ENSG00000064726,5.804850083872896
516,ENSG00000064763,7.159476670252991
517,ENSG00000064933,6.816296346255828
518,ENSG00000064961,6.7258035547754575
519,ENSG00000064995,6.486886940409437
520,ENSG00000064999,5.922862973990886
521,ENSG00000065000,5.806010027711142
522,ENSG00000065029,5.799669019350273
523,ENSG00000065060,5.797394065215661
524,ENSG00000065135,5.90329529688624
525,ENSG00000065150,7.051715875721003
526,ENSG00000065154,5.852238063178881
527,ENSG00000065183,6.10291311010358
528,ENSG00000065243,5.406650670289287
529,ENSG00000065268,6.647818322250113
530,ENSG00000065308,5.383185539796643
531,ENSG00000065328,5.9585924795152945
532,ENSG00000065413,5.221494180309093
533,ENSG00000065427,6.4915165788279054
534,ENSG00000065485,5.752866491269778
535,ENSG00000065491,5.6853976565487985
536,ENSG00000065526,5.304368434459325
537,ENSG00000065548,6.069208589631416
538,ENSG00000065559,5.2686537749278655
539,ENSG00000065613,6.191913844930618
540,ENSG00000065615,5.528456678871813
541,ENSG00000065621,3.5306716486549954
542,ENSG00000065665,7.21696891610403
543,ENSG00000065802,5.085806812552661
544,ENSG00000065833,6.006155560295973
545,ENSG00000065882,6.753747640779801
546,ENSG00000065883,4.905302635296201
547,ENSG00000065911,6.285077283637651
548,ENSG00000065970,4.808345499790082
549,ENSG00000065978,6.780696725970587
550,ENSG00000065989,5.835616033972462
551,ENSG00000066027,6.115919889967001
552,ENSG00000066044,6.2778150226332965
553,ENSG00000066084,5.396145533645721
554,ENSG00000066117,5.336970515238392
555,ENSG00000066135,4.9953008993738095
556,ENSG00000066136,5.196508107579447
557,ENSG00000066279,5.095578963072051
558,ENSG00000066322,6.019297592154041
559,ENSG00000066336,6.193928661532771
560,ENSG00000066379,6.364016981284147
561,ENSG00000066422,5.990431832030306
562,ENSG00000066427,5.6755822556682
563,ENSG00000066455,5.328514968191097
564,ENSG00000066557,6.415436936336145
565,ENSG00000066583,6.416990883246045
566,ENSG00000066651,5.777521194583886
567,ENSG00000066654,5.210906641005009
568,ENSG00000066697,6.352357219820394
569,ENSG00000066739,6.042342938002839
570,ENSG00000066777,5.7860789393605865
571,ENSG00000066855,5.758187019769376
572,ENSG00000066923,5.5998897004163215
573,ENSG00000066926,5.842527463457466
574,ENSG00000067057,5.918269372009885
575,ENSG00000067064,5.956226531552978
576,ENSG00000067066,5.049804964010731
577,ENSG00000067082,4.437503469486039
578,ENSG00000067167,6.263075129044857
579,ENSG00000067177,5.594268164400755
580,ENSG00000067182,5.274117267877004
581,ENSG00000067208,4.268519607968584
582,ENSG00000067225,5.683857933996572
583,ENSG00000067248,5.688116115192495
584,ENSG00000067334,4.788296628872637
585,ENSG00000067365,4.732520317603479
586,ENSG00000067369,6.289937633752636
587,ENSG00000067533,5.329394597499871
588,ENSG00000067560,6.486850964370687
589,ENSG00000067596,4.7680024716910046
590,ENSG00000067606,6.082135628370437
591,ENSG00000067704,6.938582071044295
592,ENSG00000067829,6.736060592512415
593,ENSG00000067900,6.479977237526475
594,ENSG00000067955,5.890419359167042
595,ENSG00000068001,5.002072051110985
596,ENSG00000068024,5.236050229907306
597,ENSG00000068028,4.811288541781712
598,ENSG00000068078,5.720209039258954
599,ENSG00000068079,7.425208005401654
600,ENSG00000068097,5.651165430198814
601,ENSG00000068120,6.162437529824152
602,ENSG00000068305,4.38373181183483
603,ENSG00000068308,5.759491826695623
604,ENSG00000068323,6.001687722205306
605,ENSG00000068354,4.942283768467061
606,ENSG00000068366,7.789805854211803
607,ENSG00000068383,5.334159240035044
608,ENSG00000068394,5.843533919164648
609,ENSG00000068400,6.711306422218458
610,ENSG00000068438,7.184667687959637
611,ENSG00000068489,5.909276948956379
612,ENSG00000068650,5.801772560913931
613,ENSG00000068654,4.83526393392025
614,ENSG00000068697,5.637504575567278
615,ENSG00000068724,5.440347234984599
616,ENSG00000068745,4.753109493992534
617,ENSG00000068784,4.76554359963283
618,ENSG00000068796,6.725329036524775
619,ENSG00000068878,5.786414419207205
620,ENSG00000068903,8.599168877813016
621,ENSG00000068912,6.116115252263436
622,ENSG00000068971,6.402345655199218
623,ENSG00000068976,4.090321194153385
624,ENSG00000069011,5.6266929684443
625,ENSG00000069020,4.369783684063126
626,ENSG00000069248,5.2735153734745746
627,ENSG00000069275,6.722992451717589
628,ENSG00000069329,5.9920195408717625
629,ENSG00000069345,5.222620021333608
630,ENSG00000069399,4.772164020936605
631,ENSG00000069482,6.954978284594967
632,ENSG00000069509,5.600541645766611
633,ENSG00000069702,5.755767396293961
634,ENSG00000069849,6.1942265993565595
635,ENSG00000069956,5.658168554745051
636,ENSG00000069974,6.8702604081278205
637,ENSG00000070010,5.184191328625139
638,ENSG00000070018,5.676738784402562
639,ENSG00000070047,5.0963946752723475
640,ENSG00000070061,6.088096464054894
641,ENSG00000070081,7.246420320261876
642,ENSG00000070182,6.069128397071473
643,ENSG00000070190,4.963745218562923
644,ENSG00000070214,6.300366548415897
645,ENSG00000070366,5.085657087047461
646,ENSG00000070367,6.245033801712188
647,ENSG00000070371,5.450160119909983
648,ENSG00000070413,5.749476647253112
649,ENSG00000070423,5.613076997720793
650,ENSG00000070444,4.4841062028448055
651,ENSG00000070476,5.116022630137023
652,ENSG00000070495,5.076779536156893
653,ENSG00000070501,5.833560351982316
654,ENSG00000070526,5.305823677679556
655,ENSG00000070610,5.579577004090487
656,ENSG00000070614,5.547946980333784
657,ENSG00000070669,7.2685635499154655
658,ENSG00000070718,6.238462972634573
659,ENSG00000070756,7.002495457422919
660,ENSG00000070759,6.078223069277664
661,ENSG00000070761,5.16202922257546
662,ENSG00000070770,5.902061180433197
663,ENSG00000070778,4.27862753935007
664,ENSG00000070785,6.689562317224709
665,ENSG00000070814,6.178145363375304
666,ENSG00000070831,5.827474313362981
667,ENSG00000070882,5.749367684228388
668,ENSG00000070950,6.0370566366125376
669,ENSG00000070961,5.726318967771913
670,ENSG00000071054,5.963291196564647
671,ENSG00000071082,6.003477351246523
672,ENSG00000071127,5.436146466890713
673,ENSG00000071189,5.676456225993172
674,ENSG00000071243,4.346444043378277
675,ENSG00000071462,6.8472773523275405
676,ENSG00000071537,5.64290861616149
677,ENSG00000071539,5.885189773191194
678,ENSG00000071553,7.053701145506833
679,ENSG00000071564,6.367534701429361
680,ENSG00000071575,5.922440183922331
681,ENSG00000071626,6.489286523915627
682,ENSG00000071655,5.863227124039219
683,ENSG00000071794,5.478888526964798
684,ENSG00000071859,6.394680663216098
685,ENSG00000071889,7.63696592061218
686,ENSG00000071894,6.85058623080894
687,ENSG00000071909,5.447708306158383
688,ENSG00000071994,7.0678400292150565
689,ENSG00000072042,7.305478666225698
690,ENSG00000072062,6.2462566212901915
691,ENSG00000072071,5.7968588701032076
692,ENSG00000072110,5.791244601987372
693,ENSG00000072121,4.10724314319497
694,ENSG00000072134,5.734785608515326
695,ENSG00000072182,5.288523030801075
696,ENSG00000072274,5.559508247924552
697,ENSG00000072310,5.040225545924493
698,ENSG00000072364,4.800925106542893
699,ENSG00000072401,6.051183472778098
700,ENSG00000072415,5.239757514172948
701,ENSG00000072422,5.805426033792112
702,ENSG00000072501,6.106307200687251
703,ENSG00000072506,6.999063124013572
704,ENSG00000072518,5.216537771163532
705,ENSG00000072571,5.8538914870001495
706,ENSG00000072609,5.7286614358017465
707,ENSG00000072736,5.401793787759591
708,ENSG00000072778,7.0648210762739
709,ENSG00000072786,5.575429213557728
710,ENSG00000072803,5.574387825968135
711,ENSG00000072849,5.259707629795587
712,ENSG00000072864,4.70420011177793
713,ENSG00000072958,6.3779479322745525
714,ENSG00000073008,6.028904970460982
715,ENSG00000073050,6.311864549437859
716,ENSG00000073060,6.473329624349485
717,ENSG00000073111,5.622873679803953
718,ENSG00000073169,7.533012890831748
719,ENSG00000073417,5.7958892339319465
720,ENSG00000073536,5.975027659761423
721,ENSG00000073578,5.9541538982427795
722,ENSG00000073584,6.119972058529756
723,ENSG00000073605,6.007625785782539
724,ENSG00000073614,5.148630073272889
725,ENSG00000073792,6.857626179331335
726,ENSG00000073849,6.206803772284314
727,ENSG00000073921,6.755332209507373
728,ENSG00000073969,5.710165226463156
729,ENSG00000074054,5.014486379335754
730,ENSG00000074071,6.422548657590193
731,ENSG00000074201,6.578964929996244
732,ENSG00000074219,6.244167715804321
733,ENSG00000074266,5.1910679357698895
734,ENSG00000074319,5.4621274585441535
735,ENSG00000074356,6.067619514542502
736,ENSG00000074370,5.948995219134191
737,ENSG00000074582,6.307752492672788
738,ENSG00000074603,4.507207896492138
739,ENSG00000074660,4.4582175638845705
740,ENSG00000074695,7.401151538068306
741,ENSG00000074696,6.770751799249985
742,ENSG00000074755,4.558801488959386
743,ENSG00000074800,6.549074004042185
744,ENSG00000074842,5.389641075385256
745,ENSG00000074935,5.738226904931405
746,ENSG00000074966,4.113539515585425
747,ENSG00000075089,5.546652308423701
748,ENSG00000075131,5.609220252427784
749,ENSG00000075142,7.212818410516896
750,ENSG00000075151,5.4198353302282944
751,ENSG00000075188,5.910370665668595
752,ENSG00000075218,5.262456555656396
753,ENSG00000075234,5.714660283554278
754,ENSG00000075239,6.814928676307467
755,ENSG00000075292,5.645013441002621
756,ENSG00000075303,6.376350346539914
757,ENSG00000075336,5.818030654839711
758,ENSG00000075340,6.782760567227933
759,ENSG00000075399,5.554214332984206
760,ENSG00000075407,5.859424331861594
761,ENSG00000075413,6.0740555065037025
762,ENSG00000075415,6.139373379194987
763,ENSG00000075420,4.124266141348732
764,ENSG00000075426,4.267812453603134
765,ENSG00000075539,5.277972766656334
766,ENSG00000075568,5.653603313783408
767,ENSG00000075618,5.4387733529656215
768,ENSG00000075624,6.21917721136268
769,ENSG00000075643,6.431846000133759
770,ENSG00000075702,4.9854992836714835
771,ENSG00000075711,5.452511087735006
772,ENSG00000075785,6.484873409215132
773,ENSG00000075790,6.070193561593983
774,ENSG00000075856,5.305299661467352
775,ENSG00000075914,5.919463136771496
776,ENSG00000075945,5.873121934723181
777,ENSG00000075975,5.6550635812839625
778,ENSG00000076003,6.365751679539401
779,ENSG00000076043,7.170634326976618
780,ENSG00000076053,4.700896888194243
781,ENSG00000076067,6.285494035343572
782,ENSG00000076201,6.085635613432623
783,ENSG00000076242,5.415508133495147
784,ENSG00000076248,5.529451269428764
785,ENSG00000076321,4.9213229240164535
786,ENSG00000076382,5.9406575441525
787,ENSG00000076513,5.729869169910685
788,ENSG00000076604,5.724125198896816
789,ENSG00000076650,4.580865047594845
790,ENSG00000076662,6.559491515616427
791,ENSG00000076685,6.753683639470184
792,ENSG00000076864,5.622399375743901
793,ENSG00000076924,6.028738870433273
794,ENSG00000076944,7.137176439427655
795,ENSG00000076984,5.657103803539262
796,ENSG00000077044,5.801052791921455
797,ENSG00000077097,6.423294682844296
798,ENSG00000077147,6.038988021475333
799,ENSG00000077150,6.429054549306281
800,ENSG00000077152,6.050018749160383
801,ENSG00000077157,4.416489961737286
802,ENSG00000077232,6.3700059957091835
803,ENSG00000077235,5.763468818065396
804,ENSG00000077254,5.872371381560599
805,ENSG00000077312,5.582434807038413
806,ENSG00000077348,6.853529509864579
807,ENSG00000077380,6.2919853312786636
808,ENSG00000077454,6.069703868535998
809,ENSG00000077458,5.0074493124999995
810,ENSG00000077463,6.613940069796681
811,ENSG00000077514,5.619006599757446
812,ENSG00000077549,6.497266112427559
813,ENSG00000077684,5.168158097394348
814,ENSG00000077713,6.619289814911573
815,ENSG00000077721,6.018542819769116
816,ENSG00000077782,5.521967978987183
817,ENSG00000078043,6.325394962175621
818,ENSG00000078061,6.365539680403788
819,ENSG00000078070,6.405854189148528
820,ENSG00000078124,6.347236692659914
821,ENSG00000078140,6.220009719112836
822,ENSG00000078142,4.6350898894826225
823,ENSG00000078177,5.774155436322262
824,ENSG00000078246,5.97534454218858
825,ENSG00000078269,4.5130377784393
826,ENSG00000078304,6.250485250184264
827,ENSG00000078319,6.054110116184953
828,ENSG00000078369,6.034886636952319
829,ENSG00000078403,5.568782473145812
830,ENSG00000078487,4.980754375145225
831,ENSG00000078596,6.837887338064119
832,ENSG00000078618,6.8138693770146315
833,ENSG00000078668,6.64162108722874
834,ENSG00000078674,6.0997913574435545
835,ENSG00000078687,4.546451902832408
836,ENSG00000078699,5.600810143710744
837,ENSG00000078747,4.778658701825944
838,ENSG00000078804,5.1335782856363394
839,ENSG00000078808,6.1827853916419935
840,ENSG00000078902,6.293219873636222
841,ENSG00000078967,6.334724894982308
842,ENSG00000079134,5.874375731235004
843,ENSG00000079246,6.261333904216868
844,ENSG00000079277,5.526433576168044
845,ENSG00000079313,5.3084496138872534
846,ENSG00000079332,5.845276876808691
847,ENSG00000079335,5.238140247662007
848,ENSG00000079387,5.25548102224764
849,ENSG00000079393,7.026114968113684
850,ENSG00000079432,4.932777329584961
851,ENSG00000079459,6.342448898284573
852,ENSG00000079462,7.084959492107081
853,ENSG00000079482,5.433587103195787
854,ENSG00000079616,5.788881970348317
855,ENSG00000079691,4.990178247260067
856,ENSG00000079785,5.829253080579938
857,ENSG00000079805,6.427378309828887
858,ENSG00000079819,6.858098138230643
859,ENSG00000079950,6.195023514460865
860,ENSG00000079999,4.910341951656119
861,ENSG00000080031,4.4435895278149955
862,ENSG00000080345,5.43017053665135
863,ENSG00000080371,5.5471600103575955
864,ENSG00000080603,4.826264745022776
865,ENSG00000080608,5.4873677378793015
866,ENSG00000080802,5.021600681828869
867,ENSG00000080815,5.1978757840782
868,ENSG00000080819,6.422552693524615
869,ENSG00000080822,6.968340860360815
870,ENSG00000080824,6.842908636404554
871,ENSG00000080839,4.645611398911028
872,ENSG00000080845,6.765369840842854
873,ENSG00000080986,5.271938620404014
874,ENSG00000081014,4.940522878307844
875,ENSG00000081019,4.320113390252064
876,ENSG00000081026,4.715788782013966
877,ENSG00000081041,3.967409053398553
878,ENSG00000081087,6.43493190108973
879,ENSG00000081148,3.7036601882391533
880,ENSG00000081154,7.399310235784706
881,ENSG00000081181,7.317850551737086
882,ENSG00000081189,5.004768788142924
883,ENSG00000081237,6.936625781729729
884,ENSG00000081307,6.162935390146888
885,ENSG00000081320,4.909976327321643
886,ENSG00000081386,4.706280983881165
887,ENSG00000081692,5.487925970014246
888,ENSG00000081721,5.0341385483786985
889,ENSG00000081791,5.624939826030824
890,ENSG00000081870,6.2080654609003165
891,ENSG00000081913,4.616240103147431
892,ENSG00000082014,5.256059794992735
893,ENSG00000082068,4.563080099846213
894,ENSG00000082153,5.647370404023175
895,ENSG00000082196,4.368461010292853
896,ENSG00000082212,7.083600809463806
897,ENSG00000082213,6.087670496671886
898,ENSG00000082258,4.944518147416255
899,ENSG00000082269,5.43357172977647
900,ENSG00000082397,6.185360654576951
901,ENSG00000082512,5.56668401380918
902,ENSG00000082515,5.900887080634496
903,ENSG00000082516,5.737014938156155
904,ENSG00000082641,6.119919674350473
905,ENSG00000082701,5.020857071685837
906,ENSG00000082781,5.631621277762536
907,ENSG00000082805,4.21788297006031
908,ENSG00000082898,6.381670056728138
909,ENSG00000082996,5.686215956804043
910,ENSG00000083093,4.5010593243446415
911,ENSG00000083097,5.351545696795994
912,ENSG00000083099,5.005074253392247
913,ENSG00000083168,4.911250796296158
914,ENSG00000083223,4.957274295441675
915,ENSG00000083312,4.880501604374427
916,ENSG00000083444,6.878365702933726
917,ENSG00000083457,6.665410912809568
918,ENSG00000083520,5.226543585402978
919,ENSG00000083535,4.801403976837454
920,ENSG00000083544,6.185575563641735
921,ENSG00000083635,4.909353957035014
922,ENSG00000083642,5.4327173380412175
923,ENSG00000083750,5.121241839544857
924,ENSG00000083807,7.0729943838150255
925,ENSG00000083812,3.531821116142737
926,ENSG00000083814,4.544292880613932
927,ENSG00000083817,3.753865277226572
928,ENSG00000083828,4.212342543255381
929,ENSG00000083845,6.651471300615622
930,ENSG00000083896,5.604244903391181
931,ENSG00000083937,6.00501881513622
932,ENSG00000084070,7.0099926386928875
933,ENSG00000084072,6.0152777251718135
934,ENSG00000084073,5.930807733498594
935,ENSG00000084090,5.468522830182562
936,ENSG00000084092,5.891874719990687
937,ENSG00000084093,4.743506905707543
938,ENSG00000084112,4.411702464242637
939,ENSG00000084207,7.452636362211035
940,ENSG00000084234,6.38678184218493
941,ENSG00000084463,5.826553142101914
942,ENSG00000084623,6.520535734151628
943,ENSG00000084652,5.049279951151123
944,ENSG00000084676,5.445583562294972
945,ENSG00000084693,5.796435213155188
946,ENSG00000084733,5.682908683644658
947,ENSG00000084754,6.698571858117693
948,ENSG00000084764,7.303569039006458
949,ENSG00000084774,5.948794457360034
950,ENSG00000085063,5.974859601600564
951,ENSG00000085185,4.856162605242328
952,ENSG00000085224,5.4311842583756205
953,ENSG00000085231,5.862989410424536
954,ENSG00000085274,4.880752017672682
955,ENSG00000085377,6.532310421258724
956,ENSG00000085415,6.4027014514712866
957,ENSG00000085433,4.666101680012165
958,ENSG00000085449,5.987268422532733
959,ENSG00000085465,4.342021299515346
960,ENSG00000085491,6.1002290373596555
961,ENSG00000085511,5.974765865498721
962,ENSG00000085514,4.183526322166365
963,ENSG00000085644,5.428821205433746
964,ENSG00000085719,6.845763843658948
965,ENSG00000085721,4.812921292714965
966,ENSG00000085733,5.940435318594504
967,ENSG00000085760,6.304829440422979
968,ENSG00000085788,6.3083405171830815
969,ENSG00000085832,6.396736364258983
970,ENSG00000085840,5.256910238881074
971,ENSG00000085871,6.427168134313843
972,ENSG00000085872,5.574431219384614
973,ENSG00000085978,4.062912226280048
974,ENSG00000085998,7.373959319597566
975,ENSG00000085999,5.684919294083841
976,ENSG00000086015,5.62738494304946
977,ENSG00000086061,5.4399946435337165
978,ENSG00000086062,5.696129099698449
979,ENSG00000086065,5.792297908333498
980,ENSG00000086102,4.776920467390038
981,ENSG00000086189,6.058126411550568
982,ENSG00000086200,5.2589098600064395
983,ENSG00000086232,6.576421404324082
984,ENSG00000086475,5.88266301678064
985,ENSG00000086504,6.866489967447609
986,ENSG00000086544,5.019717760560686
987,ENSG00000086589,5.283119621237707
988,ENSG00000086598,6.138024911272905
989,ENSG00000086619,5.802741561325925
990,ENSG00000086666,6.242976720116569
991,ENSG00000086712,5.510206373753665
992,ENSG00000086730,3.84132023358147
993,ENSG00000086758,5.451024885786757
994,ENSG00000086827,5.325054274556263
995,ENSG00000086848,5.715751613308673
996,ENSG00000087008,5.101219510620501
997,ENSG00000087053,6.107499432896714
998,ENSG00000087074,4.507967413454398
999,ENSG00000087077,6.461704089739377
1000,ENSG00000087086,6.751879844935672
1001,ENSG00000087087,5.255234393337529
1002,ENSG00000087088,7.4320735338028605
1003,ENSG00000087095,5.616303434775061
1004,ENSG00000087111,7.148514502329319
1005,ENSG00000087152,4.969189954471219
1006,ENSG00000087157,5.157375574147069
1007,ENSG00000087191,6.355225197457143
1008,ENSG00000087206,4.14647076090771
1009,ENSG00000087253,6.062980565002756
1010,ENSG00000087263,6.205285124658189
1011,ENSG00000087269,5.24071334843662
1012,ENSG00000087274,6.403486751718157
1013,ENSG00000087299,6.310209006265502
1014,ENSG00000087301,5.826357344729283
1015,ENSG00000087302,6.611441479491725
1016,ENSG00000087338,6.436680827945046
1017,ENSG00000087365,6.262161228188092
1018,ENSG00000087448,6.956979947670654
1019,ENSG00000087460,6.871508662219367
1020,ENSG00000087470,6.355827305592214
1021,ENSG00000087502,5.62737091464352
1022,ENSG00000087586,5.163139357907226
1023,ENSG00000087589,4.51084905141757
1024,ENSG00000087884,6.407284922665043
1025,ENSG00000087995,5.743596807684653
1026,ENSG00000088038,5.255534292504255
1027,ENSG00000088179,4.647720174945744
1028,ENSG00000088205,5.825465578968557
1029,ENSG00000088247,6.060587538476243
1030,ENSG00000088256,5.630000482457737
1031,ENSG00000088298,6.117584958606616
1032,ENSG00000088305,5.684920808197428
1033,ENSG00000088325,5.7164762746287305
1034,ENSG00000088356,5.08902005530595
1035,ENSG00000088387,5.604186899344747
1036,ENSG00000088448,6.0801178514215914
1037,ENSG00000088451,5.611634349665785
1038,ENSG00000088682,6.520480927750943
1039,ENSG00000088727,4.761739033007048
1040,ENSG00000088766,6.149304400815909
1041,ENSG00000088812,5.614086616152842
1042,ENSG00000088826,5.821200395187778
1043,ENSG00000088832,6.931897809449075
1044,ENSG00000088833,5.369311590115561
1045,ENSG00000088854,4.991993713280947
1046,ENSG00000088876,5.257287527386789
1047,ENSG00000088888,5.838704083321025
1048,ENSG00000088930,5.946807760844223
1049,ENSG00000088970,5.6243630155796565
1050,ENSG00000088986,5.390665749622324
1051,ENSG00000088992,5.683675468403175
1052,ENSG00000089006,5.5961060061014365
1053,ENSG00000089009,6.641457378589133
1054,ENSG00000089022,5.242641852724077
1055,ENSG00000089048,5.517265570951665
1056,ENSG00000089053,6.829943653039722
1057,ENSG00000089057,5.700357706909597
1058,ENSG00000089063,6.978062632810345
1059,ENSG00000089154,5.889987640764697
1060,ENSG00000089157,6.761621605294433
1061,ENSG00000089159,6.021903949272927
1062,ENSG00000089177,5.35030692677943
1063,ENSG00000089195,5.5238432243118165
1064,ENSG00000089220,6.727385141963536
1065,ENSG00000089234,4.718994501832485
1066,ENSG00000089248,6.040930904120623
1067,ENSG00000089280,5.671132023470932
1068,ENSG00000089289,6.132675901862102
1069,ENSG00000089327,7.229695483683791
1070,ENSG00000089351,6.2342797977508475
1071,ENSG00000089472,6.705697347013944
1072,ENSG00000089597,6.639711689045024
1073,ENSG00000089639,5.9330967453783305
1074,ENSG00000089682,5.939084762483342
1075,ENSG00000089685,5.16527210052793
1076,ENSG00000089692,3.869179946735137
1077,ENSG00000089693,6.212719710303688
1078,ENSG00000089818,5.981003497567936
1079,ENSG00000089820,6.1541825091908535
1080,ENSG00000089876,6.172900120751007
1081,ENSG00000089902,5.311995321755271
1082,ENSG00000090006,7.951969636762259
1083,ENSG00000090013,8.090932106664523
1084,ENSG00000090020,4.744255541585044
1085,ENSG00000090054,5.757421777192554
1086,ENSG00000090060,6.054781089338187
1087,ENSG00000090061,6.124513853942411
1088,ENSG00000090238,6.425614701970799
1089,ENSG00000090263,6.396041653553322
1090,ENSG00000090266,6.721136986616763
1091,ENSG00000090273,6.799939843891733
1092,ENSG00000090316,4.964430932673358
1093,ENSG00000090339,6.161842595181965
1094,ENSG00000090372,5.744826180684569
1095,ENSG00000090432,4.501477973346472
1096,ENSG00000090447,5.688382865890566
1097,ENSG00000090470,4.99123786173733
1098,ENSG00000090520,6.253460805756208
1099,ENSG00000090554,6.5271763736075545
1100,ENSG00000090581,6.329218827405274
1101,ENSG00000090612,4.56848484893427
1102,ENSG00000090615,6.991144485109158
1103,ENSG00000090621,5.355685637107076
1104,ENSG00000090661,6.60469012162525
1105,ENSG00000090686,6.125733886298832
1106,ENSG00000090857,4.541750472390111
1107,ENSG00000090861,6.3236979887620475
1108,ENSG00000090863,6.1237230582449005
1109,ENSG00000090889,5.0539201383831305
1110,ENSG00000090905,5.0132421480258715
1111,ENSG00000090924,5.092562188145577
1112,ENSG00000090989,6.175341087505894
1113,ENSG00000091009,5.392692371943434
1114,ENSG00000091039,5.805848426826497
1115,ENSG00000091127,5.454246889060222
1116,ENSG00000091136,7.880933854443451
1117,ENSG00000091140,6.483364470117875
1118,ENSG00000091157,4.621829179380437
1119,ENSG00000091164,5.770176254361903
1120,ENSG00000091317,5.386327758247981
1121,ENSG00000091436,4.897669029520501
1122,ENSG00000091483,6.480049421405866
1123,ENSG00000091490,6.041166240053803
1124,ENSG00000091527,5.66476897957754
1125,ENSG00000091542,5.428678780492582
1126,ENSG00000091592,4.909299653679328
1127,ENSG00000091640,5.669829118360721
1128,ENSG00000091651,5.266805401920009
1129,ENSG00000091732,5.589065692335799
1130,ENSG00000091947,7.512594012717085
1131,ENSG00000092010,7.204022938183003
1132,ENSG00000092020,5.882478131715833
1133,ENSG00000092036,9.05424594285733
1134,ENSG00000092094,5.353801368163814
1135,ENSG00000092098,5.513578382317826
1136,ENSG00000092108,5.725098433682617
1137,ENSG00000092140,5.4326920419367175
1138,ENSG00000092148,5.267179712533467
1139,ENSG00000092199,6.397500352130149
1140,ENSG00000092201,5.818125742962755
1141,ENSG00000092203,5.484489907554974
1142,ENSG00000092330,5.495822264132444
1143,ENSG00000092439,5.4059219659455815
1144,ENSG00000092470,5.317234681045248
1145,ENSG00000092531,6.953197188987429
1146,ENSG00000092621,7.0398357079183285
1147,ENSG00000092820,5.469689025334247
1148,ENSG00000092841,6.277339364303509
1149,ENSG00000092847,5.793248355801737
1150,ENSG00000092853,5.1173195114181125
1151,ENSG00000092871,5.637416300765651
1152,ENSG00000092964,5.927241781224486
1153,ENSG00000092969,3.008151526126089
1154,ENSG00000092978,5.138802882565486
1155,ENSG00000093000,5.02889665215443
1156,ENSG00000093009,5.220010630391651
1157,ENSG00000093010,7.005313318741791
1158,ENSG00000093100,5.536068437638575
1159,ENSG00000093144,6.758187585747476
1160,ENSG00000093167,6.322069746191129
1161,ENSG00000093183,5.033346585281666
1162,ENSG00000093217,5.299472139263172
1163,ENSG00000094804,4.579548515174368
1164,ENSG00000094841,6.0577998608924215
1165,ENSG00000094880,5.423902148879594
1166,ENSG00000094914,6.418637276864469
1167,ENSG00000094916,6.291741351828982
1168,ENSG00000094975,5.430643770962392
1169,ENSG00000095002,6.285398863602912
1170,ENSG00000095015,5.049718798698509
1171,ENSG00000095059,6.974650348554499
1172,ENSG00000095139,5.808242371871818
1173,ENSG00000095209,6.816367734982082
1174,ENSG00000095261,5.66080731703553
1175,ENSG00000095303,7.78800107366353
1176,ENSG00000095319,5.723168369993976
1177,ENSG00000095380,6.096588116240283
1178,ENSG00000095485,5.656873526791636
1179,ENSG00000095564,5.655756012855345
1180,ENSG00000095574,6.0150697177766945
1181,ENSG00000095596,4.693053101333049
1182,ENSG00000095637,5.270493121497896
1183,ENSG00000095739,3.951739217303419
1184,ENSG00000095787,5.047258620442095
1185,ENSG00000095794,6.41555093515215
1186,ENSG00000095906,6.865504362427027
1187,ENSG00000095951,4.92951300582218
1188,ENSG00000096060,6.7387739744935775
1189,ENSG00000096063,6.750311909909605
1190,ENSG00000096070,4.862735136214862
1191,ENSG00000096080,4.918723651249853
1192,ENSG00000096384,6.349312210279444
1193,ENSG00000096401,4.951215958655412
1194,ENSG00000096433,6.710534430136879
1195,ENSG00000096654,4.980299410767477
1196,ENSG00000096717,4.551652380377759
1197,ENSG00000096746,6.883239538207093
1198,ENSG00000096872,5.849943086804973
1199,ENSG00000096968,6.129916091824175
1200,ENSG00000097007,5.32909289182557
1201,ENSG00000097021,6.451696121687756
1202,ENSG00000097033,6.162511037852602
1203,ENSG00000097046,5.952476958231164
1204,ENSG00000097096,5.5030866605318804
1205,ENSG00000099194,6.974041756037886
1206,ENSG00000099203,5.59819380110229
1207,ENSG00000099219,7.479823194440053
1208,ENSG00000099246,5.665748794583598
1209,ENSG00000099290,5.202581519732499
1210,ENSG00000099308,5.125015420244126
1211,ENSG00000099330,6.981014504681077
1212,ENSG00000099331,5.7727383817640145
1213,ENSG00000099341,6.675462125502354
1214,ENSG00000099364,6.397248855102196
1215,ENSG00000099377,6.148326791102629
1216,ENSG00000099381,4.986326090162047
1217,ENSG00000099385,6.382850543023399
1218,ENSG00000099399,6.043674362130931
1219,ENSG00000099622,5.426460926857404
1220,ENSG00000099624,7.446072297119764
1221,ENSG00000099783,5.86859075358736
1222,ENSG00000099785,5.863708070678714
1223,ENSG00000099795,6.456596857861402
1224,ENSG00000099797,7.210416041267527
1225,ENSG00000099800,5.9128626258424575
1226,ENSG00000099804,6.1219019346511985
1227,ENSG00000099817,6.467195866432111
1228,ENSG00000099821,6.212657490532851
1229,ENSG00000099860,4.159685219810174
1230,ENSG00000099875,6.087888785477606
1231,ENSG00000099889,6.244894774067634
1232,ENSG00000099899,5.374115603507195
1233,ENSG00000099901,6.217338152601049
1234,ENSG00000099904,6.448851558666411
1235,ENSG00000099917,5.546525037546351
1236,ENSG00000099940,5.619403118984101
1237,ENSG00000099942,4.8254286108095465
1238,ENSG00000099949,5.561129604365463
1239,ENSG00000099954,5.509176288349658
1240,ENSG00000099956,6.143950696540518
1241,ENSG00000099958,7.117630490396106
1242,ENSG00000099968,5.704601986389601
1243,ENSG00000099991,6.986608450827778
1244,ENSG00000099992,5.16744856094115
1245,ENSG00000099994,3.6225241816112312
1246,ENSG00000099995,5.747814944898785
1247,ENSG00000100014,5.070812966163944
1248,ENSG00000100027,5.266847214301117
1249,ENSG00000100028,6.0044462590857055
1250,ENSG00000100029,5.350941360269447
1251,ENSG00000100030,5.657677991969603
1252,ENSG00000100034,6.527458731924179
1253,ENSG00000100038,4.934768663379659
1254,ENSG00000100056,5.306528184529277
1255,ENSG00000100058,5.831941975981024
1256,ENSG00000100068,4.77898498965473
1257,ENSG00000100075,7.312019516785123
1258,ENSG00000100077,6.467063495619219
1259,ENSG00000100083,6.102659321774313
1260,ENSG00000100084,5.1657565455986765
1261,ENSG00000100092,6.23782001987706
1262,ENSG00000100097,6.466374365343457
1263,ENSG00000100099,5.545180361555249
1264,ENSG00000100101,5.241329248202124
1265,ENSG00000100104,6.061419490077277
1266,ENSG00000100105,4.357165762277855
1267,ENSG00000100106,5.529062926346216
1268,ENSG00000100109,4.932069150549822
1269,ENSG00000100116,7.103074573877542
1270,ENSG00000100129,6.76430245558445
1271,ENSG00000100138,6.254911596422504
1272,ENSG00000100139,5.643640788039751
1273,ENSG00000100142,5.831860971582957
1274,ENSG00000100147,6.498956677030578
1275,ENSG00000100150,4.098839194673708
1276,ENSG00000100154,4.045526918020561
1277,ENSG00000100162,4.972175853059303
1278,ENSG00000100181,6.267762324005207
1279,ENSG00000100196,6.5239607553980195
1280,ENSG00000100201,6.042152781742507
1281,ENSG00000100206,5.848942882309328
1282,ENSG00000100207,5.62283739394538
1283,ENSG00000100209,5.598011213567449
1284,ENSG00000100216,5.907896767810408
1285,ENSG00000100219,5.477399749867977
1286,ENSG00000100220,5.983080380765575
1287,ENSG00000100221,4.902854208405865
1288,ENSG00000100225,6.138888730791992
1289,ENSG00000100226,5.643207067640841
1290,ENSG00000100227,5.422770620326528
1291,ENSG00000100239,6.035901482994412
1292,ENSG00000100241,6.707016837319403
1293,ENSG00000100242,5.631546231941929
1294,ENSG00000100243,6.45996884927555
1295,ENSG00000100258,6.5657037381690495
1296,ENSG00000100263,4.496320936105636
1297,ENSG00000100266,5.58822222429541
1298,ENSG00000100280,6.684021801963255
1299,ENSG00000100281,4.79190221100818
1300,ENSG00000100284,5.147335528639605
1301,ENSG00000100285,5.273234888604866
1302,ENSG00000100288,6.427947178000227
1303,ENSG00000100294,5.58358124605095
1304,ENSG00000100296,5.9086493775441955
1305,ENSG00000100297,5.866404157822226
1306,ENSG00000100304,6.471423575986029
1307,ENSG00000100316,7.006496281636365
1308,ENSG00000100320,5.874396947742811
1309,ENSG00000100324,7.1263778422211645
1310,ENSG00000100325,6.156488859625513
1311,ENSG00000100330,5.395950183179462
1312,ENSG00000100335,4.911729686937813
1313,ENSG00000100336,5.927104606101251
1314,ENSG00000100345,5.368399618768078
1315,ENSG00000100347,6.407271131932632
1316,ENSG00000100348,6.475794690917694
1317,ENSG00000100350,5.629916452084722
1318,ENSG00000100351,6.341173660669217
1319,ENSG00000100353,6.084857449122556
1320,ENSG00000100354,4.880374092586185
1321,ENSG00000100359,7.030034421070735
1322,ENSG00000100372,6.344426295089236
1323,ENSG00000100376,6.441592110857173
1324,ENSG00000100380,6.705202262207351
1325,ENSG00000100387,6.0292833339960605
1326,ENSG00000100393,4.661701751847858
1327,ENSG00000100395,5.580393203164164
1328,ENSG00000100401,5.7067220642806245
1329,ENSG00000100403,6.681709496329176
1330,ENSG00000100410,5.331529013709898
1331,ENSG00000100412,6.085409828669756
1332,ENSG00000100413,4.95172320776386
1333,ENSG00000100416,4.7095975029615005
1334,ENSG00000100417,5.870343545036383
1335,ENSG00000100425,4.62508656716621
1336,ENSG00000100429,6.49828326705562
1337,ENSG00000100439,5.976941039193506
1338,ENSG00000100441,5.387312353608106
1339,ENSG00000100442,7.0711135145515085
1340,ENSG00000100445,6.323205710475318
1341,ENSG00000100461,6.406945354626689
1342,ENSG00000100462,6.58286036528424
1343,ENSG00000100473,8.107673458445824
1344,ENSG00000100478,6.00122483328063
1345,ENSG00000100479,5.994340020761768
1346,ENSG00000100483,4.545618067714028
1347,ENSG00000100485,5.104590341031312
1348,ENSG00000100504,7.568864926576064
1349,ENSG00000100519,5.82032438875617
1350,ENSG00000100522,6.210343669490597
1351,ENSG00000100523,5.367928851610922
1352,ENSG00000100526,6.756538586147973
1353,ENSG00000100528,6.73415689316509
1354,ENSG00000100554,5.219729561653712
1355,ENSG00000100564,7.140943627539528
1356,ENSG00000100567,5.809174442343206
1357,ENSG00000100568,5.739543104673606
1358,ENSG00000100575,6.769044230455173
1359,ENSG00000100577,6.62326035298345
1360,ENSG00000100578,5.286592850964092
1361,ENSG00000100591,5.990422693421222
1362,ENSG00000100592,5.039075430334694
1363,ENSG00000100596,5.699072381851878
1364,ENSG00000100600,5.692170681724563
1365,ENSG00000100601,4.6764899769348265
1366,ENSG00000100603,5.970854570777821
1367,ENSG00000100605,6.0093923763923875
1368,ENSG00000100614,5.536445750422962
1369,ENSG00000100632,5.829497219044848
1370,ENSG00000100644,5.6796377945594605
1371,ENSG00000100647,5.79949475456022
1372,ENSG00000100650,5.477512688216488
1373,ENSG00000100664,4.618992615627476
1374,ENSG00000100697,6.178017072062701
1375,ENSG00000100711,5.643252626673619
1376,ENSG00000100714,6.710243900980817
1377,ENSG00000100722,5.345666547106948
1378,ENSG00000100726,6.452131120250064
1379,ENSG00000100749,6.38623812423859
1380,ENSG00000100764,5.7979536897374695
1381,ENSG00000100784,4.491396444523796
1382,ENSG00000100796,4.872787335068691
1383,ENSG00000100804,6.330484634921826
1384,ENSG00000100811,5.691278095478832
1385,ENSG00000100813,5.61053368383011
1386,ENSG00000100814,7.363616101952829
1387,ENSG00000100815,4.978523607577908
1388,ENSG00000100823,6.532876433106992
1389,ENSG00000100836,5.8559612475319955
1390,ENSG00000100852,5.818650161877865
1391,ENSG00000100865,5.858681811798914
1392,ENSG00000100867,6.491597284360504
1393,ENSG00000100883,6.545090365743132
1394,ENSG00000100888,5.251095771285932
1395,ENSG00000100889,7.597915010724136
1396,ENSG00000100897,6.355200152827839
1397,ENSG00000100902,6.0953953353424986
1398,ENSG00000100906,3.871318454769732
1399,ENSG00000100908,4.794685908799226
1400,ENSG00000100911,7.224522400668464
1401,ENSG00000100926,5.830144999756617
1402,ENSG00000100934,6.42663060173365
1403,ENSG00000100938,8.427250323559756
1404,ENSG00000100941,5.413762550860062
1405,ENSG00000100949,5.607034681529316
1406,ENSG00000100979,7.434372483376046
1407,ENSG00000100982,5.968263139759404
1408,ENSG00000100983,7.19737315047132
1409,ENSG00000100991,5.673677400306508
1410,ENSG00000100994,5.542031338068524
1411,ENSG00000100997,5.420205499795362
1412,ENSG00000101000,7.429273475875945
1413,ENSG00000101003,5.872656612193655
1414,ENSG00000101004,5.66708054915509
1415,ENSG00000101019,5.2732180535352535
1416,ENSG00000101040,5.526334674395515
1417,ENSG00000101057,6.317227271130546
1418,ENSG00000101079,7.354087659533041
1419,ENSG00000101084,5.651459122633614
1420,ENSG00000101096,5.513042425786458
1421,ENSG00000101104,5.473160215043785
1422,ENSG00000101109,6.049875074706288
1423,ENSG00000101126,4.910295287251635
1424,ENSG00000101138,4.960030261191707
1425,ENSG00000101146,5.319480015943388
1426,ENSG00000101150,6.344204184293804
1427,ENSG00000101152,5.056728627553855
1428,ENSG00000101158,6.026972002385803
1429,ENSG00000101160,7.3960827966017115
1430,ENSG00000101161,5.868785664610328
1431,ENSG00000101166,6.163380252324061
1432,ENSG00000101181,5.496213751941997
1433,ENSG00000101182,5.8180640639894206
1434,ENSG00000101189,5.866502655391369
1435,ENSG00000101190,5.5401615202692795
1436,ENSG00000101191,4.424304458740977
1437,ENSG00000101193,5.8370617611129685
1438,ENSG00000101199,6.759530463401548
1439,ENSG00000101216,5.230055814292806
1440,ENSG00000101224,6.180132544896737
1441,ENSG00000101230,5.013980598606668
1442,ENSG00000101236,5.605504737373409
1443,ENSG00000101246,6.454329611808931
1444,ENSG00000101247,5.110474244369445
1445,ENSG00000101255,5.66100483880264
1446,ENSG00000101265,4.663653805603009
1447,ENSG00000101266,5.927406211940398
1448,ENSG00000101290,6.57471597498161
1449,ENSG00000101294,6.142041672192736
1450,ENSG00000101306,3.7676902176914755
1451,ENSG00000101310,6.23770868647435
1452,ENSG00000101335,6.623114801493074
1453,ENSG00000101337,5.888084775184611
1454,ENSG00000101343,5.194090384583518
1455,ENSG00000101346,5.759755127385791
1456,ENSG00000101350,5.39306719189612
1457,ENSG00000101361,5.464652732950525
1458,ENSG00000101365,6.635993215391136
1459,ENSG00000101367,5.771312144265481
1460,ENSG00000101391,5.485758656289354
1461,ENSG00000101407,6.139551412403079
1462,ENSG00000101412,4.897729613259648
1463,ENSG00000101413,5.089213398886661
1464,ENSG00000101421,6.068043687448825
1465,ENSG00000101439,7.387542431291412
1466,ENSG00000101442,5.725038746310108
1467,ENSG00000101444,7.416963854205032
1468,ENSG00000101447,4.498555870351601
1469,ENSG00000101452,5.206262140611211
1470,ENSG00000101457,5.210587819770707
1471,ENSG00000101464,6.950900753891419
1472,ENSG00000101473,6.058032536264862
1473,ENSG00000101474,6.588832205153269
1474,ENSG00000101544,5.031210883213299
1475,ENSG00000101546,6.497809343140764
1476,ENSG00000101557,6.226143231845848
1477,ENSG00000101558,5.970510254405793
1478,ENSG00000101574,5.588520794839794
1479,ENSG00000101577,4.780504470300093
1480,ENSG00000101596,5.424678860752436
1481,ENSG00000101608,6.1921557721558615
1482,ENSG00000101624,4.480971242594731
1483,ENSG00000101639,5.542502656431157
1484,ENSG00000101654,5.38564020650661
1485,ENSG00000101665,3.712458154268226
1486,ENSG00000101745,5.827296346418675
1487,ENSG00000101752,6.330227866713718
1488,ENSG00000101773,5.7834168775815655
1489,ENSG00000101782,5.449037452818339
1490,ENSG00000101811,5.418811917794129
1491,ENSG00000101843,6.656577017394664
1492,ENSG00000101844,6.226825408397198
1493,ENSG00000101849,5.635712294375904
1494,ENSG00000101856,7.4096266492332665
1495,ENSG00000101868,5.423356523843162
1496,ENSG00000101871,4.48633962315577
1497,ENSG00000101882,6.375083099191802
1498,ENSG00000101888,6.135147783064632
1499,ENSG00000101892,5.772777253981242
1500,ENSG00000101901,5.81749687575242
1501,ENSG00000101928,6.623123338629952
1502,ENSG00000101935,5.452970267351372
1503,ENSG00000101940,6.843322997278126
1504,ENSG00000101945,4.894912909132609
1505,ENSG00000101966,4.475150626255684
1506,ENSG00000101972,5.931609129015624
1507,ENSG00000101974,5.850643457816574
1508,ENSG00000101986,5.065659870962324
1509,ENSG00000101997,7.034692069865493
1510,ENSG00000102030,6.572193685941009
1511,ENSG00000102032,5.035116183081329
1512,ENSG00000102034,4.845691565329653
1513,ENSG00000102038,6.489265458583852
1514,ENSG00000102054,6.621974064617196
1515,ENSG00000102081,7.176310765591794
1516,ENSG00000102096,6.198899371277642
1517,ENSG00000102098,7.313230175848204
1518,ENSG00000102100,6.451395075544518
1519,ENSG00000102103,6.270124210374949
1520,ENSG00000102119,6.859056473938524
1521,ENSG00000102125,7.215379652708461
1522,ENSG00000102144,6.715871991485422
1523,ENSG00000102145,5.923033438064275
1524,ENSG00000102158,5.867112696225314
1525,ENSG00000102172,7.6187507576526885
1526,ENSG00000102178,5.133052726420233
1527,ENSG00000102181,6.414453392035253
1528,ENSG00000102189,5.157695077962786
1529,ENSG00000102225,5.777705395380119
1530,ENSG00000102226,5.633608007394997
1531,ENSG00000102241,6.449393022301592
1532,ENSG00000102265,6.84890011122467
1533,ENSG00000102287,6.7286518906502435
1534,ENSG00000102309,5.614768603811941
1535,ENSG00000102316,7.272551692363262
1536,ENSG00000102317,5.593010093289313
1537,ENSG00000102362,7.029158588981156
1538,ENSG00000102384,6.125638283347889
1539,ENSG00000102390,5.046367044704321
1540,ENSG00000102393,6.542985738520077
1541,ENSG00000102401,6.4298126806273155
1542,ENSG00000102409,6.516493760042934
1543,ENSG00000102471,6.527033327139097
1544,ENSG00000102531,5.678458299211376
1545,ENSG00000102543,5.665923046805044
1546,ENSG00000102572,5.9979860715297475
1547,ENSG00000102575,5.8961660973056285
1548,ENSG00000102580,5.7302701216191885
1549,ENSG00000102595,5.236902019459667
1550,ENSG00000102606,5.696926469428738
1551,ENSG00000102699,5.684088727164031
1552,ENSG00000102710,6.2511217675576685
1553,ENSG00000102738,6.133931728581682
1554,ENSG00000102753,5.724812296574739
1555,ENSG00000102763,5.0307488548198815
1556,ENSG00000102781,5.8772600051641
1557,ENSG00000102786,3.661665087225875
1558,ENSG00000102804,4.493952460496133
1559,ENSG00000102805,4.947914607549695
1560,ENSG00000102858,5.876023948063566
1561,ENSG00000102878,8.765595911049159
1562,ENSG00000102890,3.4589824042677386
1563,ENSG00000102893,5.661916110571627
1564,ENSG00000102897,8.131426605050022
1565,ENSG00000102898,6.259780651082068
1566,ENSG00000102900,6.270855844867428
1567,ENSG00000102901,5.824386969784686
1568,ENSG00000102908,5.456242952353046
1569,ENSG00000102910,5.787348888491146
1570,ENSG00000102921,5.488813635838392
1571,ENSG00000102931,5.89188778987566
1572,ENSG00000102974,4.889580795231588
1573,ENSG00000102977,7.575248348263343
1574,ENSG00000102978,5.548143485417875
1575,ENSG00000102984,4.557903215741538
1576,ENSG00000102996,5.739735260213977
1577,ENSG00000103005,7.253225603900655
1578,ENSG00000103018,7.20949522014277
1579,ENSG00000103024,6.406294874730682
1580,ENSG00000103035,5.745539154513956
1581,ENSG00000103037,4.912401247211926
1582,ENSG00000103042,5.387050757715541
1583,ENSG00000103043,4.769386368835638
1584,ENSG00000103051,6.653295078486943
1585,ENSG00000103061,5.131134882757886
1586,ENSG00000103064,6.28817667552963
1587,ENSG00000103066,5.846255031753333
1588,ENSG00000103091,6.545274857976534
1589,ENSG00000103111,5.625632984430129
1590,ENSG00000103121,6.070079275108701
1591,ENSG00000103126,6.061413242431257
1592,ENSG00000103145,7.1713418758410405
1593,ENSG00000103148,7.319412236912047
1594,ENSG00000103150,5.631526528144734
1595,ENSG00000103160,6.141833863215899
1596,ENSG00000103168,5.2950273148212
1597,ENSG00000103194,5.700781142750591
1598,ENSG00000103196,3.7764527802429435
1599,ENSG00000103199,4.590767215491319
1600,ENSG00000103202,7.560529792326042
1601,ENSG00000103222,5.766505719462089
1602,ENSG00000103249,5.27488653988122
1603,ENSG00000103253,8.418709445558626
1604,ENSG00000103254,7.769012818568559
1605,ENSG00000103257,6.036671638364123
1606,ENSG00000103264,5.484593740659631
1607,ENSG00000103266,6.432779640062278
1608,ENSG00000103274,5.457197509086256
1609,ENSG00000103275,5.770386393925271
1610,ENSG00000103319,5.685301677757401
1611,ENSG00000103326,5.843959357906606
1612,ENSG00000103335,6.45798559196267
1613,ENSG00000103342,6.072337180069044
1614,ENSG00000103343,4.528018849841264
1615,ENSG00000103353,5.042110717201916
1616,ENSG00000103356,5.979062150288497
1617,ENSG00000103363,6.184859141184962
1618,ENSG00000103365,5.304838360345034
1619,ENSG00000103381,4.805604787554576
1620,ENSG00000103415,6.023489337475547
1621,ENSG00000103423,5.90128425544563
1622,ENSG00000103426,6.009676478642382
1623,ENSG00000103429,5.710005509157384
1624,ENSG00000103479,6.211133676366291
1625,ENSG00000103485,7.965794882105183
1626,ENSG00000103495,6.15992440658039
1627,ENSG00000103496,5.98707426928852
1628,ENSG00000103502,6.796243756183494
1629,ENSG00000103507,6.443985406642317
1630,ENSG00000103510,6.352510524392448
1631,ENSG00000103512,6.316674007028153
1632,ENSG00000103540,6.900545961278064
1633,ENSG00000103544,6.320553342436769
1634,ENSG00000103549,5.3245375554925785
1635,ENSG00000103550,5.586524484246488
1636,ENSG00000103591,6.402310330153603
1637,ENSG00000103642,5.826530370756616
1638,ENSG00000103653,6.055577571874777
1639,ENSG00000103657,5.341981528939774
1640,ENSG00000103671,5.401623117487329
1641,ENSG00000103769,6.4281040328663215
1642,ENSG00000103811,7.502026958482914
1643,ENSG00000103852,5.421730174671914
1644,ENSG00000103855,6.416443960723146
1645,ENSG00000103876,5.802876371466332
1646,ENSG00000103932,6.426148841709239
1647,ENSG00000103966,5.946152941577889
1648,ENSG00000103978,4.7682762426994945
1649,ENSG00000103994,5.3729212659887216
1650,ENSG00000103995,5.432228327441213
1651,ENSG00000104047,7.210018046614749
1652,ENSG00000104064,5.483579351152154
1653,ENSG00000104067,5.436271676531946
1654,ENSG00000104081,4.700356978811383
1655,ENSG00000104093,6.458990432514175
1656,ENSG00000104131,6.1399300342181125
1657,ENSG00000104133,6.448943756849938
1658,ENSG00000104142,4.549527460161396
1659,ENSG00000104147,5.486065036687607
1660,ENSG00000104164,5.434325146728882
1661,ENSG00000104218,4.7039814204667225
1662,ENSG00000104221,3.6671511951574662
1663,ENSG00000104228,4.91927051168559
1664,ENSG00000104231,6.097640523163371
1665,ENSG00000104299,6.15816394616177
1666,ENSG00000104312,6.256525554378003
1667,ENSG00000104320,6.091539961802631
1668,ENSG00000104325,8.329591066567714
1669,ENSG00000104331,5.452221311824449
1670,ENSG00000104341,6.2240704305411185
1671,ENSG00000104343,5.235422218100546
1672,ENSG00000104356,4.500096234656013
1673,ENSG00000104375,5.113205167334529
1674,ENSG00000104388,4.913818727339153
1675,ENSG00000104408,7.183874474430947
1676,ENSG00000104412,6.2448736543851
1677,ENSG00000104442,5.867269167962453
1678,ENSG00000104447,4.412076437428728
1679,ENSG00000104472,5.978071254998633
1680,ENSG00000104517,5.347405991482123
1681,ENSG00000104522,6.442959838609097
1682,ENSG00000104529,6.529066779376081
1683,ENSG00000104549,6.60708984357645
1684,ENSG00000104613,6.57039172338034
1685,ENSG00000104626,5.7599390345409995
1686,ENSG00000104635,6.365127079076642
1687,ENSG00000104643,4.593908777426174
1688,ENSG00000104671,5.90183119717161
1689,ENSG00000104679,6.375373657358573
1690,ENSG00000104687,6.060350088302592
1691,ENSG00000104689,6.238671009326233
1692,ENSG00000104691,5.21251610874202
1693,ENSG00000104695,5.653945829387311
1694,ENSG00000104714,4.893320902141589
1695,ENSG00000104723,5.9926938253327835
1696,ENSG00000104728,5.892745342274603
1697,ENSG00000104731,5.676746293011995
1698,ENSG00000104738,6.192563083608585
1699,ENSG00000104756,5.511424101314623
1700,ENSG00000104763,6.015578577366231
1701,ENSG00000104765,6.372057423088548
1702,ENSG00000104774,7.367995249905953
1703,ENSG00000104783,5.0934098409383
1704,ENSG00000104805,7.694960695948041
1705,ENSG00000104823,7.033956936828989
1706,ENSG00000104824,5.938214588808412
1707,ENSG00000104825,6.297382976957572
1708,ENSG00000104835,6.208282475924105
1709,ENSG00000104852,5.648181831930602
1710,ENSG00000104853,5.6257523936576375
1711,ENSG00000104856,4.583641782573367
1712,ENSG00000104859,4.905285375627019
1713,ENSG00000104866,4.754650397444592
1714,ENSG00000104872,6.136956277788726
1715,ENSG00000104880,5.030520704320847
1716,ENSG00000104881,5.403388731548672
1717,ENSG00000104884,7.261017654623984
1718,ENSG00000104885,5.504859327325958
1719,ENSG00000104886,6.533119809023248
1720,ENSG00000104889,7.260332305500081
1721,ENSG00000104897,6.16842379654614
1722,ENSG00000104899,5.865584501378799
1723,ENSG00000104903,5.643070848243069
1724,ENSG00000104904,6.331619151902108
1725,ENSG00000104907,6.319497360176307
1726,ENSG00000104915,6.29126899114451
1727,ENSG00000104946,5.219307450830424
1728,ENSG00000104957,5.080120765470983
1729,ENSG00000104960,6.708049916802786
1730,ENSG00000104964,6.978384262883465
1731,ENSG00000104969,5.776249775376409
1732,ENSG00000104973,6.822342461150708
1733,ENSG00000104976,5.3987428523054595
1734,ENSG00000104979,5.933246671680636
1735,ENSG00000104980,5.819195788188785
1736,ENSG00000104998,5.895584813902038
1737,ENSG00000105011,5.462561238161413
1738,ENSG00000105048,7.79855354285171
1739,ENSG00000105053,5.222349395334951
1740,ENSG00000105058,5.189184579337481
1741,ENSG00000105063,5.885028844358445
1742,ENSG00000105085,4.2621935546705725
1743,ENSG00000105127,4.764963847699169
1744,ENSG00000105131,2.9584517114261666
1745,ENSG00000105135,6.116169227096992
1746,ENSG00000105171,5.577308381314964
1747,ENSG00000105173,5.0433684682171585
1748,ENSG00000105176,6.649819745137981
1749,ENSG00000105185,6.670201334942926
1750,ENSG00000105186,5.943199213279402
1751,ENSG00000105193,6.370439322211662
1752,ENSG00000105197,6.206378301330782
1753,ENSG00000105202,7.159778465330308
1754,ENSG00000105204,4.781302708524411
1755,ENSG00000105220,7.419028154547335
1756,ENSG00000105221,6.4871172368059025
1757,ENSG00000105223,7.497082752184897
1758,ENSG00000105229,5.418688077604166
1759,ENSG00000105248,4.51947733073945
1760,ENSG00000105254,6.059046034112679
1761,ENSG00000105258,6.497792591201301
1762,ENSG00000105281,5.87175135580149
1763,ENSG00000105287,7.3831617524327635
1764,ENSG00000105298,5.526839471851633
1765,ENSG00000105321,5.52170632961244
1766,ENSG00000105323,5.730174805218845
1767,ENSG00000105325,5.494003575428142
1768,ENSG00000105327,5.125385202693569
1769,ENSG00000105329,6.236463719230458
1770,ENSG00000105341,6.416101808793202
1771,ENSG00000105364,6.840401090509785
1772,ENSG00000105371,7.300451189867261
1773,ENSG00000105372,6.744139081062642
1774,ENSG00000105373,6.464064310750748
1775,ENSG00000105379,6.9481815288501325
1776,ENSG00000105383,7.523401831701254
1777,ENSG00000105393,6.640160575408329
1778,ENSG00000105397,6.939355605228137
1779,ENSG00000105401,6.472019499188484
1780,ENSG00000105402,5.432564630360904
1781,ENSG00000105404,5.77756639264347
1782,ENSG00000105419,6.556928191141334
1783,ENSG00000105426,6.754530322203504
1784,ENSG00000105438,7.177484967321415
1785,ENSG00000105443,4.833541023338021
1786,ENSG00000105447,5.1109361909574655
1787,ENSG00000105464,6.1088752850880095
1788,ENSG00000105483,6.210215989036015
1789,ENSG00000105486,5.65603988341998
1790,ENSG00000105492,6.401110122058804
1791,ENSG00000105497,4.8944262314305
1792,ENSG00000105518,8.5431038066209
1793,ENSG00000105568,6.283202061612196
1794,ENSG00000105576,5.576961884135694
1795,ENSG00000105583,6.016693243360968
1796,ENSG00000105610,5.108323714523469
1797,ENSG00000105612,5.626053875582719
1798,ENSG00000105617,4.603556815852923
1799,ENSG00000105618,5.880267869409204
1800,ENSG00000105619,5.782278682367154
1801,ENSG00000105640,6.873299619386321
1802,ENSG00000105643,4.804223780934499
1803,ENSG00000105647,5.60078693838152
1804,ENSG00000105655,7.004582199601565
1805,ENSG00000105656,4.942149543864389
1806,ENSG00000105662,5.393854234024602
1807,ENSG00000105669,6.68783298434262
1808,ENSG00000105671,5.897334779717164
1809,ENSG00000105676,5.787475127304304
1810,ENSG00000105677,8.094973268767424
1811,ENSG00000105695,4.081261031673807
1812,ENSG00000105697,4.363981053503004
1813,ENSG00000105698,6.275587691478001
1814,ENSG00000105699,6.715087189298634
1815,ENSG00000105700,6.319223184222483
1816,ENSG00000105701,6.792821879173181
1817,ENSG00000105705,4.793706164077377
1818,ENSG00000105708,4.4407213283321445
1819,ENSG00000105722,5.3499683326758305
1820,ENSG00000105723,6.002150337017031
1821,ENSG00000105726,5.451751573626622
1822,ENSG00000105738,5.187252535054983
1823,ENSG00000105771,5.023274967102678
1824,ENSG00000105778,5.439890752197973
1825,ENSG00000105793,5.505174515648775
1826,ENSG00000105810,5.785982942555749
1827,ENSG00000105819,6.173442719301015
1828,ENSG00000105821,5.655010421472585
1829,ENSG00000105829,6.207223173415251
1830,ENSG00000105835,6.506656645886046
1831,ENSG00000105849,5.820701636219671
1832,ENSG00000105851,6.694246370734369
1833,ENSG00000105856,4.550633180771136
1834,ENSG00000105865,6.484129250857007
1835,ENSG00000105866,4.587103067368143
1836,ENSG00000105879,4.938731685093266
1837,ENSG00000105887,6.447366712304643
1838,ENSG00000105889,5.913034771578675
1839,ENSG00000105926,7.179250704297363
1840,ENSG00000105939,4.840437390840393
1841,ENSG00000105948,4.969674606668702
1842,ENSG00000105953,5.751692632152961
1843,ENSG00000105968,6.537866117416696
1844,ENSG00000105971,6.740667397089112
1845,ENSG00000105982,4.542492470684275
1846,ENSG00000105991,5.821151616945919
1847,ENSG00000105993,5.102326760799345
1848,ENSG00000106009,5.8571609214693
1849,ENSG00000106012,5.679878446863999
1850,ENSG00000106028,6.299213226677608
1851,ENSG00000106034,6.335402011815391
1852,ENSG00000106049,6.811056092735729
1853,ENSG00000106052,6.342141525033025
1854,ENSG00000106077,6.827191538185235
1855,ENSG00000106078,5.150369343614146
1856,ENSG00000106080,6.234379293553392
1857,ENSG00000106086,7.790016331441404
1858,ENSG00000106105,6.508065444720653
1859,ENSG00000106125,5.589663611714603
1860,ENSG00000106133,5.771024000073111
1861,ENSG00000106144,5.191139922860261
1862,ENSG00000106153,6.53445743204249
1863,ENSG00000106211,6.676707103653841
1864,ENSG00000106244,6.343625144215126
1865,ENSG00000106245,5.24114469010329
1866,ENSG00000106246,4.578222521739111
1867,ENSG00000106258,5.3486917561592024
1868,ENSG00000106261,5.169863819310827
1869,ENSG00000106263,5.750165914735868
1870,ENSG00000106266,5.937985641751671
1871,ENSG00000106268,6.830239962695046
1872,ENSG00000106290,7.167805565390697
1873,ENSG00000106299,4.8074050349301025
1874,ENSG00000106305,5.892146187820403
1875,ENSG00000106327,7.572367396875404
1876,ENSG00000106330,7.23507301281111
1877,ENSG00000106344,5.684569828232829
1878,ENSG00000106346,4.895047811013845
1879,ENSG00000106348,6.567534224336827
1880,ENSG00000106351,5.23582043059191
1881,ENSG00000106355,6.132174572395316
1882,ENSG00000106366,3.9434055644188173
1883,ENSG00000106367,7.370010397331791
1884,ENSG00000106392,6.4363460007586415
1885,ENSG00000106397,6.333699382220674
1886,ENSG00000106399,6.641512232758768
1887,ENSG00000106400,7.098747768629492
1888,ENSG00000106404,6.2660225016613404
1889,ENSG00000106415,4.805665345052898
1890,ENSG00000106443,5.375444542876815
1891,ENSG00000106459,6.04660049659696
1892,ENSG00000106460,7.362069411894536
1893,ENSG00000106462,5.558475556793511
1894,ENSG00000106524,6.105884225032619
1895,ENSG00000106526,5.605811120891567
1896,ENSG00000106536,4.848749367208911
1897,ENSG00000106537,6.4049588823272545
1898,ENSG00000106546,6.020444708695455
1899,ENSG00000106554,6.230275173544423
1900,ENSG00000106588,6.545972492904724
1901,ENSG00000106591,5.968813477038363
1902,ENSG00000106603,6.754453466307457
1903,ENSG00000106605,7.5532442267991575
1904,ENSG00000106608,5.492076309372195
1905,ENSG00000106609,5.56515069600038
1906,ENSG00000106610,4.966790872560199
1907,ENSG00000106615,5.658600563491779
1908,ENSG00000106628,7.795404511191267
1909,ENSG00000106635,4.695228381217225
1910,ENSG00000106636,6.173909165882773
1911,ENSG00000106638,5.571724028804415
1912,ENSG00000106682,6.021401799120787
1913,ENSG00000106701,5.534373924483104
1914,ENSG00000106723,5.595368591270025
1915,ENSG00000106771,5.216138664476172
1916,ENSG00000106789,6.719674996942446
1917,ENSG00000106799,6.270462113631916
1918,ENSG00000106803,5.979561413776342
1919,ENSG00000106829,4.722086722035376
1920,ENSG00000106852,5.383854429750819
1921,ENSG00000106868,5.684575096912349
1922,ENSG00000106948,6.144060097872938
1923,ENSG00000106976,5.784673336045215
1924,ENSG00000106992,6.892377105297394
1925,ENSG00000106993,4.841368694502632
1926,ENSG00000107021,5.134062477459529
1927,ENSG00000107036,5.183354617684292
1928,ENSG00000107077,4.555387292159435
1929,ENSG00000107099,5.397765269532472
1930,ENSG00000107140,4.6999004951285785
1931,ENSG00000107164,5.620416131183755
1932,ENSG00000107175,5.280760844672577
1933,ENSG00000107185,5.639767406200539
1934,ENSG00000107186,5.485534911754035
1935,ENSG00000107223,6.022075156295988
1936,ENSG00000107242,4.976150521804289
1937,ENSG00000107262,5.264869114742645
1938,ENSG00000107263,5.837889741743739
1939,ENSG00000107290,5.166705994089709
1940,ENSG00000107338,4.1888696064773425
1941,ENSG00000107341,5.723591909311531
1942,ENSG00000107362,4.674887699106894
1943,ENSG00000107371,4.723609233815998
1944,ENSG00000107372,5.153033597275005
1945,ENSG00000107404,6.688769988134825
1946,ENSG00000107438,6.472896249252976
1947,ENSG00000107443,5.281631868070861
1948,ENSG00000107521,5.070432704003334
1949,ENSG00000107554,4.82031588504311
1950,ENSG00000107560,5.447953710692876
1951,ENSG00000107566,5.641087748718681
1952,ENSG00000107581,5.668623986834351
1953,ENSG00000107614,5.8426097433287625
1954,ENSG00000107625,6.240563359833917
1955,ENSG00000107643,6.091728114462107
1956,ENSG00000107651,5.058121196292004
1957,ENSG00000107672,6.36576936017361
1958,ENSG00000107731,5.9272580886039945
1959,ENSG00000107745,6.031066923707337
1960,ENSG00000107758,6.522104263772322
1961,ENSG00000107771,4.592417692962942
1962,ENSG00000107779,4.748219848639118
1963,ENSG00000107789,6.026132694825847
1964,ENSG00000107816,6.4616804247216075
1965,ENSG00000107821,5.322583210871863
1966,ENSG00000107833,7.830466236125301
1967,ENSG00000107854,5.458046940425667
1968,ENSG00000107862,5.620889967712419
1969,ENSG00000107863,6.010724329846916
1970,ENSG00000107872,6.612280571103842
1971,ENSG00000107882,5.289495457009374
1972,ENSG00000107890,5.923867721194487
1973,ENSG00000107897,5.3555671179856414
1974,ENSG00000107929,6.078011018477719
1975,ENSG00000107937,5.572385997360792
1976,ENSG00000107938,4.792700716862886
1977,ENSG00000107949,6.061914207785412
1978,ENSG00000107951,5.31235675885154
1979,ENSG00000107959,6.517121350085143
1980,ENSG00000107960,7.174639428213635
1981,ENSG00000107968,3.995712868328456
1982,ENSG00000108010,6.47245242709281
1983,ENSG00000108018,5.633628676529498
1984,ENSG00000108021,5.655373940502992
1985,ENSG00000108039,7.232286846750142
1986,ENSG00000108055,5.8718525095684715
1987,ENSG00000108061,5.360882821262629
1988,ENSG00000108064,5.5904002673146165
1989,ENSG00000108091,5.867152109510814
1990,ENSG00000108094,5.581806054896754
1991,ENSG00000108100,5.473815057845051
1992,ENSG00000108106,5.692489628734353
1993,ENSG00000108107,6.4112300522704535
1994,ENSG00000108175,5.54381265074446
1995,ENSG00000108179,5.792162703058047
1996,ENSG00000108187,4.529922610554863
1997,ENSG00000108219,6.849151167959752
1998,ENSG00000108256,5.036081349607955
1999,ENSG00000108262,6.4094404405769545
2000,ENSG00000108298,6.676372407914414
2001,ENSG00000108306,5.17639085675051
2002,ENSG00000108312,5.107950583635264
2003,ENSG00000108344,6.04017373971486
2004,ENSG00000108349,5.624937104400423
2005,ENSG00000108379,4.357940508554824
2006,ENSG00000108384,5.30771234097568
2007,ENSG00000108389,6.021129107669804
2008,ENSG00000108395,5.303962055445094
2009,ENSG00000108406,5.568345972636453
2010,ENSG00000108423,4.519266211904948
2011,ENSG00000108424,6.136317435005566
2012,ENSG00000108433,4.588657253478101
2013,ENSG00000108439,6.710115929628132
2014,ENSG00000108443,5.0892118607634345
2015,ENSG00000108465,6.2189080307166105
2016,ENSG00000108468,6.629673781759185
2017,ENSG00000108469,4.944941104118544
2018,ENSG00000108479,8.951419901673582
2019,ENSG00000108506,5.609145001607451
2020,ENSG00000108509,6.099709013867611
2021,ENSG00000108510,5.040701188713704
2022,ENSG00000108518,6.452518911300378
2023,ENSG00000108523,6.101690532647126
2024,ENSG00000108528,6.300912511465546
2025,ENSG00000108557,5.465605694995268
2026,ENSG00000108559,4.875537497988971
2027,ENSG00000108561,6.477539600097753
2028,ENSG00000108578,6.527847460700956
2029,ENSG00000108582,5.537054129555461
2030,ENSG00000108587,4.811036293155419
2031,ENSG00000108588,5.879556897731234
2032,ENSG00000108590,3.9360113851221303
2033,ENSG00000108591,6.27163296299527
2034,ENSG00000108592,5.436490521734963
2035,ENSG00000108599,4.9068607999059735
2036,ENSG00000108604,5.832060854088598
2037,ENSG00000108622,5.704982203442286
2038,ENSG00000108639,7.1398027051663355
2039,ENSG00000108651,5.826001651043159
2040,ENSG00000108654,5.341033352237099
2041,ENSG00000108669,4.934011809372156
2042,ENSG00000108671,5.848245383991479
2043,ENSG00000108679,7.012923287805688
2044,ENSG00000108733,4.165677042112769
2045,ENSG00000108773,6.513001725075167
2046,ENSG00000108774,5.854916763321888
2047,ENSG00000108784,5.929632039543035
2048,ENSG00000108788,5.769071991260686
2049,ENSG00000108799,5.744112702880855
2050,ENSG00000108819,5.627899438608523
2051,ENSG00000108825,5.931519166439375
2052,ENSG00000108826,5.425176392671764
2053,ENSG00000108828,5.832743588196675
2054,ENSG00000108829,5.670701705563539
2055,ENSG00000108840,5.594376267408005
2056,ENSG00000108848,5.296061546622753
2057,ENSG00000108854,4.873992770428449
2058,ENSG00000108861,5.199870654378697
2059,ENSG00000108883,5.513281800846036
2060,ENSG00000108946,6.310725178137778
2061,ENSG00000108953,6.139325532548794
2062,ENSG00000108961,8.002843999910302
2063,ENSG00000108963,5.995490207808269
2064,ENSG00000109016,6.4102727223582034
2065,ENSG00000109046,5.789700701068872
2066,ENSG00000109062,6.3887315591434195
2067,ENSG00000109065,5.992259278808929
2068,ENSG00000109066,5.2130254517637145
2069,ENSG00000109079,5.682488252870635
2070,ENSG00000109083,5.993329809658599
2071,ENSG00000109084,6.6507268810077145
2072,ENSG00000109103,7.5166457645657445
2073,ENSG00000109107,6.894668749490045
2074,ENSG00000109111,5.236917729155275
2075,ENSG00000109118,4.66069496493577
2076,ENSG00000109133,6.467616502655526
2077,ENSG00000109171,5.741804860313403
2078,ENSG00000109180,6.639902284911926
2079,ENSG00000109184,5.7476536254715755
2080,ENSG00000109220,4.940536068212331
2081,ENSG00000109255,7.880497824938512
2082,ENSG00000109270,5.260720277200721
2083,ENSG00000109320,5.099944773631805
2084,ENSG00000109323,6.166988430742892
2085,ENSG00000109332,6.0644197316668755
2086,ENSG00000109381,4.7519059156485275
2087,ENSG00000109390,6.341449946166096
2088,ENSG00000109445,6.389118835568515
2089,ENSG00000109458,4.941059318756585
2090,ENSG00000109466,5.429722008854385
2091,ENSG00000109475,6.364939665917518
2092,ENSG00000109519,5.2007475030332495
2093,ENSG00000109534,5.79301855220235
2094,ENSG00000109536,5.622332467810595
2095,ENSG00000109572,5.702513539715871
2096,ENSG00000109586,6.301515584681298
2097,ENSG00000109606,5.58250486013499
2098,ENSG00000109618,5.905476649474235
2099,ENSG00000109654,5.410660294046418
2100,ENSG00000109670,5.601211138436107
2101,ENSG00000109674,5.574902454381612
2102,ENSG00000109680,5.533122632147189
2103,ENSG00000109685,5.30450404567578
2104,ENSG00000109689,4.6347052237483215
2105,ENSG00000109736,6.186089114011889
2106,ENSG00000109756,5.693152015274537
2107,ENSG00000109762,5.5417896984362125
2108,ENSG00000109775,7.215451930637433
2109,ENSG00000109787,4.5277271825075145
2110,ENSG00000109790,6.5722699738567645
2111,ENSG00000109805,5.741989529050299
2112,ENSG00000109814,6.411310667479723
2113,ENSG00000109854,6.952797250850346
2114,ENSG00000109861,7.734003364646088
2115,ENSG00000109881,6.072015233566849
2116,ENSG00000109911,5.947634889967556
2117,ENSG00000109917,5.82325920512248
2118,ENSG00000109919,6.675371240470778
2119,ENSG00000109920,4.917324656347463
2120,ENSG00000109929,6.964665032735659
2121,ENSG00000109971,5.750165172048079
2122,ENSG00000110002,6.019151740884428
2123,ENSG00000110011,7.344459942614547
2124,ENSG00000110025,6.491647129594646
2125,ENSG00000110046,5.358999814542873
2126,ENSG00000110047,4.89895751147398
2127,ENSG00000110048,5.21459770057982
2128,ENSG00000110060,5.392353637486411
2129,ENSG00000110063,6.333419959403878
2130,ENSG00000110066,5.269983039025482
2131,ENSG00000110074,6.5562463844810415
2132,ENSG00000110075,5.436711940197115
2133,ENSG00000110080,6.6316986798804605
2134,ENSG00000110104,5.951201436110815
2135,ENSG00000110107,5.989580493423281
2136,ENSG00000110108,6.0156952254165805
2137,ENSG00000110171,5.230192017570059
2138,ENSG00000110172,6.03902753100549
2139,ENSG00000110200,4.738755439656062
2140,ENSG00000110218,4.726810272406921
2141,ENSG00000110274,5.530046145646042
2142,ENSG00000110315,7.14833987536747
2143,ENSG00000110321,5.728227124653199
2144,ENSG00000110324,6.226050222174537
2145,ENSG00000110330,5.710354875434239
2146,ENSG00000110344,5.755968714416435
2147,ENSG00000110367,5.356241007588037
2148,ENSG00000110395,5.507030352956628
2149,ENSG00000110422,4.815051522226867
2150,ENSG00000110429,6.7829812318752065
2151,ENSG00000110435,6.0553139230124104
2152,ENSG00000110442,6.0141922485178165
2153,ENSG00000110497,4.862712407516982
2154,ENSG00000110514,5.118948902729984
2155,ENSG00000110536,6.4049016974064426
2156,ENSG00000110583,6.543972246453764
2157,ENSG00000110619,5.9374618840941045
2158,ENSG00000110651,6.55776424100471
2159,ENSG00000110665,5.942251336631184
2160,ENSG00000110696,5.991024626582498
2161,ENSG00000110697,6.950973201103498
2162,ENSG00000110700,6.677738887262504
2163,ENSG00000110711,6.509398227158586
2164,ENSG00000110713,5.401792333318539
2165,ENSG00000110717,7.471242199589039
2166,ENSG00000110719,7.414864153051898
2167,ENSG00000110721,5.0436644411103275
2168,ENSG00000110756,5.151771227653785
2169,ENSG00000110768,5.011487164743576
2170,ENSG00000110801,5.914511060248168
2171,ENSG00000110841,5.917020899850753
2172,ENSG00000110848,3.943930850181235
2173,ENSG00000110851,4.97844534898209
2174,ENSG00000110852,6.108786159273187
2175,ENSG00000110880,6.139199646300334
2176,ENSG00000110888,6.1585809806507825
2177,ENSG00000110906,5.132991209547191
2178,ENSG00000110917,6.472166017067491
2179,ENSG00000110921,5.859612647226734
2180,ENSG00000110925,5.320580238137479
2181,ENSG00000110931,6.202389897468141
2182,ENSG00000110955,6.634822885950474
2183,ENSG00000110958,6.403159103987155
2184,ENSG00000110975,6.123172748054717
2185,ENSG00000111011,4.561592953577717
2186,ENSG00000111012,4.449763203255122
2187,ENSG00000111057,5.927622509217062
2188,ENSG00000111110,5.11304303254748
2189,ENSG00000111142,5.842348854804746
2190,ENSG00000111196,6.0123297821853345
2191,ENSG00000111203,5.130008794476227
2192,ENSG00000111206,5.57642712688703
2193,ENSG00000111215,3.6052615490321425
2194,ENSG00000111229,6.572361097245368
2195,ENSG00000111231,6.189025484733859
2196,ENSG00000111237,7.817589021040913
2197,ENSG00000111247,5.966134561186965
2198,ENSG00000111252,5.407844881547176
2199,ENSG00000111269,5.0308540350704885
2200,ENSG00000111271,5.63191828557119
2201,ENSG00000111276,4.308714570344801
2202,ENSG00000111300,5.695716719656587
2203,ENSG00000111321,6.501885484474662
2204,ENSG00000111325,5.965454669394722
2205,ENSG00000111328,5.987819684323842
2206,ENSG00000111339,3.7338725539961573
2207,ENSG00000111358,6.218488111608759
2208,ENSG00000111361,6.219359291527292
2209,ENSG00000111364,5.385619625460242
2210,ENSG00000111371,6.240306456685271
2211,ENSG00000111412,5.542692194708872
2212,ENSG00000111445,5.795940159743448
2213,ENSG00000111450,6.624539556299193
2214,ENSG00000111452,4.561177134349387
2215,ENSG00000111481,7.526849575020398
2216,ENSG00000111530,5.939804430587474
2217,ENSG00000111540,6.375014690687713
2218,ENSG00000111581,5.738829827761101
2219,ENSG00000111596,5.197798655852709
2220,ENSG00000111602,6.472772418492487
2221,ENSG00000111605,6.329192827562058
2222,ENSG00000111615,5.638722854202965
2223,ENSG00000111639,5.754334596799593
2224,ENSG00000111640,6.8882433008379635
2225,ENSG00000111641,5.654624702503035
2226,ENSG00000111642,5.744629393632271
2227,ENSG00000111644,4.119675717265673
2228,ENSG00000111647,6.187641958393952
2229,ENSG00000111652,7.016089801675924
2230,ENSG00000111653,5.265107901378498
2231,ENSG00000111665,5.676684235942823
2232,ENSG00000111666,6.556272900202065
2233,ENSG00000111667,5.675818809769408
2234,ENSG00000111669,6.740020650556064
2235,ENSG00000111670,5.8812960530095335
2236,ENSG00000111674,6.4956397430221715
2237,ENSG00000111676,6.485366283397582
2238,ENSG00000111678,6.7096794922107525
2239,ENSG00000111684,6.664619598961946
2240,ENSG00000111696,5.391010194774869
2241,ENSG00000111707,5.942381550741343
2242,ENSG00000111711,6.255823089457839
2243,ENSG00000111716,7.58468826983388
2244,ENSG00000111725,5.3294621932618425
2245,ENSG00000111726,7.5049880589754565
2246,ENSG00000111727,5.078902856929745
2247,ENSG00000111731,5.767176608788931
2248,ENSG00000111737,5.275052947249513
2249,ENSG00000111775,6.189966817769909
2250,ENSG00000111780,5.9872243149548
2251,ENSG00000111785,4.3325657646351265
2252,ENSG00000111786,6.130467696125268
2253,ENSG00000111788,6.406142629270928
2254,ENSG00000111790,5.631416528456626
2255,ENSG00000111801,6.979954076511004
2256,ENSG00000111802,6.049792820605292
2257,ENSG00000111832,5.89296471553686
2258,ENSG00000111843,7.327827050798666
2259,ENSG00000111845,5.904711236624059
2260,ENSG00000111846,4.480271253430419
2261,ENSG00000111860,4.983279213512794
2262,ENSG00000111875,5.585162555823127
2263,ENSG00000111877,3.9601317365775097
2264,ENSG00000111879,5.770010028947001
2265,ENSG00000111880,5.204587903112318
2266,ENSG00000111885,6.140772354575227
2267,ENSG00000111897,5.907587789676753
2268,ENSG00000111906,6.941055244326157
2269,ENSG00000111907,7.585188060840844
2270,ENSG00000111911,5.880053154885335
2271,ENSG00000111912,5.683873526452598
2272,ENSG00000112029,4.1173134275276935
2273,ENSG00000112031,4.933027505298015
2274,ENSG00000112033,5.408417713054197
2275,ENSG00000112039,5.968318713538507
2276,ENSG00000112062,5.539603831339864
2277,ENSG00000112077,7.071486024747212
2278,ENSG00000112078,6.2017861462351345
2279,ENSG00000112079,6.111001782175573
2280,ENSG00000112081,5.291776613959147
2281,ENSG00000112096,6.170158888007341
2282,ENSG00000112110,5.88498665076069
2283,ENSG00000112118,5.613469474372243
2284,ENSG00000112130,6.490291011964782
2285,ENSG00000112137,4.137612290587215
2286,ENSG00000112144,5.789931774396315
2287,ENSG00000112159,5.368828150275619
2288,ENSG00000112182,4.498344530408408
2289,ENSG00000112200,5.108058793127495
2290,ENSG00000112208,6.054344565536328
2291,ENSG00000112210,5.5546004562369165
2292,ENSG00000112234,6.774086168290488
2293,ENSG00000112237,6.569090288212094
2294,ENSG00000112242,5.141439210006416
2295,ENSG00000112245,6.314557544542769
2296,ENSG00000112249,5.492618545244554
2297,ENSG00000112282,5.666907569111847
2298,ENSG00000112290,6.424949263450568
2299,ENSG00000112297,4.367309324390207
2300,ENSG00000112305,5.874805085827803
2301,ENSG00000112306,6.33192766793345
2302,ENSG00000112308,4.955309563490602
2303,ENSG00000112312,5.40018367909298
2304,ENSG00000112335,6.589096579311014
2305,ENSG00000112339,6.164817340034513
2306,ENSG00000112343,5.928254935821109
2307,ENSG00000112365,5.003618243841193
2308,ENSG00000112367,7.962943886626533
2309,ENSG00000112406,5.796072361807907
2310,ENSG00000112414,6.909507591724096
2311,ENSG00000112419,5.194937904549131
2312,ENSG00000112425,4.7631356260988404
2313,ENSG00000112473,5.820430048918643
2314,ENSG00000112511,5.606793211998766
2315,ENSG00000112514,6.223560607024996
2316,ENSG00000112531,5.804664708353369
2317,ENSG00000112561,4.871416725129401
2318,ENSG00000112576,6.759568608481538
2319,ENSG00000112578,4.299266720546051
2320,ENSG00000112584,5.609244866800614
2321,ENSG00000112592,5.125898619558375
2322,ENSG00000112624,5.041994108659306
2323,ENSG00000112640,6.660259200670408
2324,ENSG00000112651,6.364416339164443
2325,ENSG00000112658,5.7504883747112245
2326,ENSG00000112659,6.792289182790357
2327,ENSG00000112667,7.467202103079129
2328,ENSG00000112679,5.941754808773572
2329,ENSG00000112685,5.716567201758658
2330,ENSG00000112695,5.756164490264138
2331,ENSG00000112697,6.792636718776711
2332,ENSG00000112699,5.9660410029094235
2333,ENSG00000112701,5.771319716256605
2334,ENSG00000112715,5.293583072026212
2335,ENSG00000112739,5.374865240404781
2336,ENSG00000112742,5.5646288836967654
2337,ENSG00000112759,6.636705134628825
2338,ENSG00000112763,5.753422528042171
2339,ENSG00000112787,6.875781290367311
2340,ENSG00000112812,7.752444384784258
2341,ENSG00000112837,5.324738705696319
2342,ENSG00000112851,5.757485774110567
2343,ENSG00000112855,5.238187879838024
2344,ENSG00000112874,6.269206445962662
2345,ENSG00000112877,5.152032523707202
2346,ENSG00000112893,5.537982244380558
2347,ENSG00000112941,4.9127325993277875
2348,ENSG00000112972,6.9094638669589985
2349,ENSG00000112977,6.0762761500984785
2350,ENSG00000112983,4.643006401527273
2351,ENSG00000112984,5.0170334559877405
2352,ENSG00000112992,6.902413972408301
2353,ENSG00000112996,5.7517272697975494
2354,ENSG00000113013,6.020651309078828
2355,ENSG00000113048,6.4460615303930835
2356,ENSG00000113068,5.515960833252431
2357,ENSG00000113108,5.993822152361661
2358,ENSG00000113119,6.535735827378516
2359,ENSG00000113140,7.5114215483188715
2360,ENSG00000113141,6.112067488107122
2361,ENSG00000113161,6.191414733779145
2362,ENSG00000113163,5.5255981424135
2363,ENSG00000113194,5.034086167601364
2364,ENSG00000113240,4.750420857291511
2365,ENSG00000113269,6.226506949381028
2366,ENSG00000113272,5.473602992454622
2367,ENSG00000113282,6.011877384284492
2368,ENSG00000113300,4.672201109971106
2369,ENSG00000113312,5.735384583672484
2370,ENSG00000113318,5.532300162005072
2371,ENSG00000113327,4.761834944340342
2372,ENSG00000113328,6.641328661941463
2373,ENSG00000113356,5.716135145247326
2374,ENSG00000113360,5.264561936861893
2375,ENSG00000113368,5.922870231493732
2376,ENSG00000113369,4.863595862589379
2377,ENSG00000113384,5.5904654955337545
2378,ENSG00000113387,6.11305086023786
2379,ENSG00000113391,5.252298018942941
2380,ENSG00000113407,6.3970925229618665
2381,ENSG00000113441,6.765537854512675
2382,ENSG00000113456,5.425763316094421
2383,ENSG00000113460,5.7448997793099315
2384,ENSG00000113504,6.096876127520771
2385,ENSG00000113522,6.198095163113763
2386,ENSG00000113552,5.83840074284896
2387,ENSG00000113558,6.520299654717039
2388,ENSG00000113569,5.850499125921054
2389,ENSG00000113575,5.507242362007153
2390,ENSG00000113580,4.745694094126809
2391,ENSG00000113583,6.822757043202921
2392,ENSG00000113593,6.269340136834346
2393,ENSG00000113594,5.840085450890498
2394,ENSG00000113595,4.70515421429223
2395,ENSG00000113597,6.775771239665011
2396,ENSG00000113615,5.034776835368349
2397,ENSG00000113638,5.851233559769212
2398,ENSG00000113643,6.606568295786421
2399,ENSG00000113648,6.152656883559363
2400,ENSG00000113649,5.65844543751703
2401,ENSG00000113658,5.705960593689671
2402,ENSG00000113712,6.202451902040051
2403,ENSG00000113716,5.191953811064264
2404,ENSG00000113719,7.0489251260368935
2405,ENSG00000113732,4.729814842891833
2406,ENSG00000113734,5.233764017479727
2407,ENSG00000113742,4.93558073951155
2408,ENSG00000113758,6.530386332645499
2409,ENSG00000113761,6.4527568857873066
2410,ENSG00000113810,5.734301517149786
2411,ENSG00000113811,5.653178426643733
2412,ENSG00000113812,5.195233082226342
2413,ENSG00000113838,6.113752970709266
2414,ENSG00000113845,6.960660304257222
2415,ENSG00000113851,4.5676440806410055
2416,ENSG00000113916,4.715924260774826
2417,ENSG00000114021,6.804664197742811
2418,ENSG00000114023,7.465222970528774
2419,ENSG00000114030,5.261283997015336
2420,ENSG00000114054,6.189321952426697
2421,ENSG00000114062,5.437565914849904
2422,ENSG00000114098,5.023867055496856
2423,ENSG00000114107,7.033058554858011
2424,ENSG00000114120,6.5845864757521495
2425,ENSG00000114125,6.369110149273998
2426,ENSG00000114126,6.462020362696978
2427,ENSG00000114127,5.2539042183624955
2428,ENSG00000114166,5.534181799317999
2429,ENSG00000114209,6.014211719679228
2430,ENSG00000114268,5.1211577006452655
2431,ENSG00000114270,4.752544903594011
2432,ENSG00000114302,5.922367836216581
2433,ENSG00000114315,3.948439037652203
2434,ENSG00000114316,5.534300602705923
2435,ENSG00000114331,5.926616454797597
2436,ENSG00000114346,5.371411318296788
2437,ENSG00000114353,6.567547817674114
2438,ENSG00000114354,6.502213156460117
2439,ENSG00000114383,5.839818922709824
2440,ENSG00000114388,6.590998910688054
2441,ENSG00000114391,6.435552378920855
2442,ENSG00000114416,6.207629164286865
2443,ENSG00000114423,5.372537135175835
2444,ENSG00000114439,5.380652082210375
2445,ENSG00000114480,5.428834573052726
2446,ENSG00000114503,6.445154793712518
2447,ENSG00000114520,5.648625249106828
2448,ENSG00000114541,5.437380020181576
2449,ENSG00000114554,6.526244387499868
2450,ENSG00000114573,6.624482990970676
2451,ENSG00000114631,7.399230384097541
2452,ENSG00000114646,5.433643845055267
2453,ENSG00000114648,5.2799330344750555
2454,ENSG00000114650,6.615967347791957
2455,ENSG00000114670,3.447300004546744
2456,ENSG00000114686,6.535176382708204
2457,ENSG00000114735,6.935908657587087
2458,ENSG00000114737,5.72229756094025
2459,ENSG00000114738,6.5691023347085915
2460,ENSG00000114739,5.893076991114533
2461,ENSG00000114742,5.750854541921561
2462,ENSG00000114744,6.23339090078755
2463,ENSG00000114745,7.055568403176826
2464,ENSG00000114767,6.004496430768094
2465,ENSG00000114770,5.306077913938959
2466,ENSG00000114779,9.248379239634497
2467,ENSG00000114784,5.663641927052982
2468,ENSG00000114796,5.286413514801542
2469,ENSG00000114841,4.632631675173862
2470,ENSG00000114850,6.729350529308379
2471,ENSG00000114853,4.987480820328734
2472,ENSG00000114857,5.73406406935082
2473,ENSG00000114861,5.087870298939962
2474,ENSG00000114867,5.824261724479344
2475,ENSG00000114902,6.741066566215695
2476,ENSG00000114904,5.8566078003188204
2477,ENSG00000114933,4.81768503928781
2478,ENSG00000114942,6.560679249974905
2479,ENSG00000114956,6.761658156362749
2480,ENSG00000114978,5.599309642125095
2481,ENSG00000114982,4.875892160101484
2482,ENSG00000114988,5.900999425897885
2483,ENSG00000114993,6.269374331978777
2484,ENSG00000115020,6.0399197652138055
2485,ENSG00000115042,7.535066499385671
2486,ENSG00000115053,5.929240329349842
2487,ENSG00000115073,6.144546772358956
2488,ENSG00000115084,6.534560806605819
2489,ENSG00000115091,6.357829919038142
2490,ENSG00000115109,5.858600848766792
2491,ENSG00000115128,5.972020210724825
2492,ENSG00000115129,5.176640501485335
2493,ENSG00000115145,5.207303042668962
2494,ENSG00000115163,5.114723987781781
2495,ENSG00000115170,5.012943564364237
2496,ENSG00000115183,4.985124667582615
2497,ENSG00000115204,7.028896959186416
2498,ENSG00000115207,5.4413245228533516
2499,ENSG00000115211,6.01139723123082
2500,ENSG00000115216,4.911129114760947
2501,ENSG00000115233,5.899199353942731
2502,ENSG00000115234,5.727275083456187
2503,ENSG00000115239,5.892575344200485
2504,ENSG00000115241,6.453967207884115
2505,ENSG00000115268,6.62867610037975
2506,ENSG00000115274,5.637094467909816
2507,ENSG00000115275,6.546928754051959
2508,ENSG00000115282,5.2241236370688835
2509,ENSG00000115286,7.3983684471181075
2510,ENSG00000115289,4.889831443553534
2511,ENSG00000115306,6.191128992944158
2512,ENSG00000115307,6.269189557975546
2513,ENSG00000115310,6.9763071126732115
2514,ENSG00000115317,6.631587971993013
2515,ENSG00000115350,5.886768951272487
2516,ENSG00000115355,5.995083679418267
2517,ENSG00000115364,6.511112894820475
2518,ENSG00000115365,6.947040431530502
2519,ENSG00000115368,5.6943922124406
2520,ENSG00000115392,6.815317958717664
2521,ENSG00000115414,7.433001646597724
2522,ENSG00000115415,5.938118712953287
2523,ENSG00000115419,6.103369022386153
2524,ENSG00000115421,4.908368853497577
2525,ENSG00000115425,5.25335994465243
2526,ENSG00000115446,5.3865447467442165
2527,ENSG00000115459,5.318041302382522
2528,ENSG00000115464,5.464007672169984
2529,ENSG00000115484,6.538243729836094
2530,ENSG00000115486,6.463236658710109
2531,ENSG00000115504,5.200325669421289
2532,ENSG00000115514,4.997491793059078
2533,ENSG00000115520,4.679646745365625
2534,ENSG00000115524,5.720150677657397
2535,ENSG00000115525,6.177539121210435
2536,ENSG00000115526,5.832045168266583
2537,ENSG00000115539,5.512780103305281
2538,ENSG00000115540,5.40269846220493
2539,ENSG00000115541,6.438110103020068
2540,ENSG00000115548,4.4683726800726955
2541,ENSG00000115561,5.091895314066921
2542,ENSG00000115568,4.92292019271453
2543,ENSG00000115594,5.373336617400414
2544,ENSG00000115641,5.7661135426634145
2545,ENSG00000115649,5.932593828036475
2546,ENSG00000115652,6.12988408663372
2547,ENSG00000115657,5.9507383308308155
2548,ENSG00000115661,6.282361039911219
2549,ENSG00000115677,6.237048517274245
2550,ENSG00000115685,6.866629371960444
2551,ENSG00000115687,7.268147771427797
2552,ENSG00000115694,6.752733229358061
2553,ENSG00000115738,4.147722546039971
2554,ENSG00000115750,5.650522717673605
2555,ENSG00000115758,6.62489261905584
2556,ENSG00000115760,5.4064170881502855
2557,ENSG00000115761,5.192333440379458
2558,ENSG00000115762,5.32160346929538
2559,ENSG00000115806,5.655296103553745
2560,ENSG00000115808,6.114293574032462
2561,ENSG00000115816,5.706719422900606
2562,ENSG00000115825,6.159904609460102
2563,ENSG00000115827,6.315787565652491
2564,ENSG00000115839,5.500682999796548
2565,ENSG00000115840,6.300806903072302
2566,ENSG00000115841,5.051128751193861
2567,ENSG00000115850,3.540104214983544
2568,ENSG00000115866,6.363724100225607
2569,ENSG00000115875,5.068616453827677
2570,ENSG00000115896,5.3244809057524245
2571,ENSG00000115902,5.295161623681488
2572,ENSG00000115904,5.219662868239454
2573,ENSG00000115942,5.89815961697885
2574,ENSG00000115944,6.275747450430386
2575,ENSG00000115946,5.629626738499627
2576,ENSG00000115947,6.275473556432984
2577,ENSG00000115966,4.660969818065449
2578,ENSG00000115970,4.76410246321339
2579,ENSG00000115977,5.284178477498609
2580,ENSG00000115993,5.634022695457277
2581,ENSG00000115998,4.450493072000619
2582,ENSG00000116001,5.877194442072274
2583,ENSG00000116005,6.011086402980117
2584,ENSG00000116016,4.788158279870947
2585,ENSG00000116017,5.1978957330538424
2586,ENSG00000116030,6.290868682012784
2587,ENSG00000116044,4.695290121222648
2588,ENSG00000116062,5.7715378916906594
2589,ENSG00000116095,5.112696287978371
2590,ENSG00000116120,6.825365035920085
2591,ENSG00000116127,5.0073146551826255
2592,ENSG00000116128,5.562842044975894
2593,ENSG00000116133,6.242250943920566
2594,ENSG00000116138,4.458530515102682
2595,ENSG00000116151,5.061836570853612
2596,ENSG00000116161,6.648821325345458
2597,ENSG00000116171,7.527760308128171
2598,ENSG00000116191,5.871190715777326
2599,ENSG00000116198,5.621945383765954
2600,ENSG00000116199,5.669237515952523
2601,ENSG00000116205,5.045489987831811
2602,ENSG00000116209,6.31996181943297
2603,ENSG00000116212,5.764936302142454
2604,ENSG00000116213,5.9022114322338295
2605,ENSG00000116221,6.819026228039881
2606,ENSG00000116237,5.547386006080549
2607,ENSG00000116251,6.78020598826434
2608,ENSG00000116260,7.546602121656023
2609,ENSG00000116266,5.938741588538474
2610,ENSG00000116273,3.797169719370978
2611,ENSG00000116285,4.97974126365565
2612,ENSG00000116288,6.624690442261535
2613,ENSG00000116337,6.207509180932746
2614,ENSG00000116350,5.6573018084678965
2615,ENSG00000116353,6.8358984976784445
2616,ENSG00000116406,5.540413891743484
2617,ENSG00000116455,6.268113073199428
2618,ENSG00000116459,6.544135761523037
2619,ENSG00000116473,6.449023635945186
2620,ENSG00000116478,6.339280495999029
2621,ENSG00000116489,6.548414499677737
2622,ENSG00000116497,4.879602353700986
2623,ENSG00000116514,4.670034732695941
2624,ENSG00000116521,6.464016211950268
2625,ENSG00000116539,4.368693734592186
2626,ENSG00000116560,5.017642822170205
2627,ENSG00000116580,4.9324869980429815
2628,ENSG00000116584,5.2366326004383765
2629,ENSG00000116586,6.595970662278596
2630,ENSG00000116604,5.195891664366769
2631,ENSG00000116641,5.453775109806198
2632,ENSG00000116649,7.348624383926537
2633,ENSG00000116668,5.035231616234597
2634,ENSG00000116670,6.780311619513958
2635,ENSG00000116675,5.315718255300212
2636,ENSG00000116678,9.819849520620156
2637,ENSG00000116679,5.798591323915681
2638,ENSG00000116685,5.517001944255753
2639,ENSG00000116688,5.656654962332327
2640,ENSG00000116691,7.24063805845572
2641,ENSG00000116698,5.671692443838454
2642,ENSG00000116704,5.4364437919534545
2643,ENSG00000116717,5.431913259303985
2644,ENSG00000116731,5.478167285666653
2645,ENSG00000116741,4.890568192822705
2646,ENSG00000116747,6.131142367367066
2647,ENSG00000116750,7.051917817837908
2648,ENSG00000116752,5.501646913056814
2649,ENSG00000116754,5.804184406720312
2650,ENSG00000116761,6.342162472387236
2651,ENSG00000116786,5.888821254321806
2652,ENSG00000116791,8.111805127902198
2653,ENSG00000116793,4.75629611352669
2654,ENSG00000116809,5.460034934781242
2655,ENSG00000116815,5.503113049592595
2656,ENSG00000116830,5.3811952526205165
2657,ENSG00000116852,6.6676310805376735
2658,ENSG00000116857,6.929462912935535
2659,ENSG00000116863,4.903309095049716
2660,ENSG00000116871,5.110843798754585
2661,ENSG00000116874,5.802520602225206
2662,ENSG00000116898,7.045973468907435
2663,ENSG00000116906,6.68497406335988
2664,ENSG00000116918,5.727973975480469
2665,ENSG00000116922,5.245822125494372
2666,ENSG00000116954,4.927198173955552
2667,ENSG00000116957,5.591589641513228
2668,ENSG00000116977,5.935596462351237
2669,ENSG00000116984,5.91271101088195
2670,ENSG00000117000,4.902837842115254
2671,ENSG00000117010,4.950759156951255
2672,ENSG00000117013,6.6445092023106955
2673,ENSG00000117036,4.734911644013314
2674,ENSG00000117054,6.168397702169318
2675,ENSG00000117118,6.4137499570420635
2676,ENSG00000117133,5.5614682882651705
2677,ENSG00000117139,5.507767701781527
2678,ENSG00000117143,6.298909264356087
2679,ENSG00000117151,6.996715392785385
2680,ENSG00000117153,6.6209599259748995
2681,ENSG00000117155,6.036632613293301
2682,ENSG00000117174,5.6615251166134035
2683,ENSG00000117222,5.179752953575636
2684,ENSG00000117262,5.060923828557979
2685,ENSG00000117280,6.263441389088115
2686,ENSG00000117298,5.969000546284386
2687,ENSG00000117305,7.376830339531778
2688,ENSG00000117308,7.0889328945163115
2689,ENSG00000117318,4.350044699748926
2690,ENSG00000117335,6.891439135817683
2691,ENSG00000117360,4.826333012792124
2692,ENSG00000117362,6.8237722938405385
2693,ENSG00000117385,5.9962731201293975
2694,ENSG00000117394,4.9439206990856714
2695,ENSG00000117395,6.442455004463332
2696,ENSG00000117399,5.543294122000868
2697,ENSG00000117408,5.832850026789105
2698,ENSG00000117410,5.765549979962901
2699,ENSG00000117411,6.443099468745907
2700,ENSG00000117419,7.657796375213557
2701,ENSG00000117448,6.266378487659496
2702,ENSG00000117450,6.060855430943443
2703,ENSG00000117461,4.02218815198359
2704,ENSG00000117475,5.512082697997515
2705,ENSG00000117479,6.708736579553907
2706,ENSG00000117480,5.153999755133108
2707,ENSG00000117481,5.380605266544483
2708,ENSG00000117500,6.3338592542536105
2709,ENSG00000117505,5.55260395529957
2710,ENSG00000117523,5.900465253202452
2711,ENSG00000117528,6.190662929904615
2712,ENSG00000117533,6.343631189371873
2713,ENSG00000117543,7.631075844302163
2714,ENSG00000117569,4.663813034277841
2715,ENSG00000117592,7.487244964719953
2716,ENSG00000117593,6.233821349250266
2717,ENSG00000117597,4.657007419623781
2718,ENSG00000117602,5.2625751597306465
2719,ENSG00000117614,4.881813135699965
2720,ENSG00000117616,4.802664752074896
2721,ENSG00000117620,6.697603241338369
2722,ENSG00000117625,5.15338351862068
2723,ENSG00000117632,6.451069317257534
2724,ENSG00000117640,6.919630094667281
2725,ENSG00000117650,6.032315268049521
2726,ENSG00000117676,6.42383812528827
2727,ENSG00000117682,5.45850775511341
2728,ENSG00000117697,5.804100634974697
2729,ENSG00000117713,4.864028700719395
2730,ENSG00000117724,5.3937013982905535
2731,ENSG00000117748,5.916212321842793
2732,ENSG00000117751,5.379078888715499
2733,ENSG00000117758,5.184498966915489
2734,ENSG00000117859,6.5223255357333265
2735,ENSG00000117862,6.306860728709161
2736,ENSG00000117868,6.215003786159318
2737,ENSG00000117877,5.439041534553989
2738,ENSG00000117899,6.031969076233183
2739,ENSG00000117906,7.253491537053087
2740,ENSG00000117984,7.215977505859978
2741,ENSG00000118004,5.839306900772086
2742,ENSG00000118007,4.863026099266112
2743,ENSG00000118046,5.983005747095349
2744,ENSG00000118058,5.1314465560682585
2745,ENSG00000118096,5.249592118753574
2746,ENSG00000118162,5.543430646564798
2747,ENSG00000118181,6.842213728453276
2748,ENSG00000118193,5.390267853413281
2749,ENSG00000118197,5.303685120884869
2750,ENSG00000118200,5.246720136507751
2751,ENSG00000118217,5.132592356852391
2752,ENSG00000118246,5.270115203643921
2753,ENSG00000118260,5.861403031813204
2754,ENSG00000118308,6.569983127899821
2755,ENSG00000118363,6.468192915225575
2756,ENSG00000118412,5.460434696169826
2757,ENSG00000118418,6.518766590531872
2758,ENSG00000118420,5.726552258162627
2759,ENSG00000118454,4.786744579204561
2760,ENSG00000118482,5.52785762991287
2761,ENSG00000118496,5.47027447707123
2762,ENSG00000118503,3.759611872789429
2763,ENSG00000118507,5.703698834540454
2764,ENSG00000118513,6.386719130513514
2765,ENSG00000118514,4.0734252789213885
2766,ENSG00000118515,3.76787457539327
2767,ENSG00000118518,5.841222844938865
2768,ENSG00000118579,5.612431543542969
2769,ENSG00000118600,5.867155910943195
2770,ENSG00000118620,4.984062364002471
2771,ENSG00000118655,4.514397814719232
2772,ENSG00000118680,6.021103267544417
2773,ENSG00000118689,4.465731533175706
2774,ENSG00000118705,6.462202691940038
2775,ENSG00000118777,5.6697103317835795
2776,ENSG00000118816,6.7317146483454335
2777,ENSG00000118873,5.8637932377394755
2778,ENSG00000118900,5.097002948948463
2779,ENSG00000118939,5.826796478618655
2780,ENSG00000118961,5.848357924006535
2781,ENSG00000118985,5.7069358213319425
2782,ENSG00000119004,4.233757687677979
2783,ENSG00000119013,6.29476103299254
2784,ENSG00000119041,6.306351699536918
2785,ENSG00000119042,5.188283235656726
2786,ENSG00000119048,5.668925307565191
2787,ENSG00000119125,6.744924607828828
2788,ENSG00000119138,4.689823417268795
2789,ENSG00000119139,5.697892600723694
2790,ENSG00000119185,6.6974410131114865
2791,ENSG00000119203,6.104572201045354
2792,ENSG00000119231,4.91814904033536
2793,ENSG00000119242,5.399788815319108
2794,ENSG00000119285,5.795424909129706
2795,ENSG00000119314,7.1316189053945624
2796,ENSG00000119318,5.5732366808847305
2797,ENSG00000119321,5.1452568426298
2798,ENSG00000119326,6.187967322459363
2799,ENSG00000119328,6.304118496006486
2800,ENSG00000119335,6.298670632658047
2801,ENSG00000119383,7.4198221832089235
2802,ENSG00000119392,5.773592638017028
2803,ENSG00000119396,5.577060431942773
2804,ENSG00000119397,5.699067070546927
2805,ENSG00000119402,5.825921009270437
2806,ENSG00000119403,5.523333617399394
2807,ENSG00000119408,6.229184547645116
2808,ENSG00000119414,6.113682096908411
2809,ENSG00000119421,6.928304595046174
2810,ENSG00000119431,5.154690635911941
2811,ENSG00000119446,5.471410097921595
2812,ENSG00000119471,6.249941179069266
2813,ENSG00000119487,5.759040052509104
2814,ENSG00000119509,5.843244573017497
2815,ENSG00000119514,7.076338710964382
2816,ENSG00000119522,5.291851226746354
2817,ENSG00000119523,5.063678135183964
2818,ENSG00000119535,6.254287787902237
2819,ENSG00000119537,5.634960881141383
2820,ENSG00000119541,4.432682896810164
2821,ENSG00000119547,5.987187822146528
2822,ENSG00000119559,5.847727825492487
2823,ENSG00000119596,5.095768519205644
2824,ENSG00000119599,4.532843048382071
2825,ENSG00000119616,6.510283824014097
2826,ENSG00000119638,5.984383671543781
2827,ENSG00000119640,6.815137502670852
2828,ENSG00000119682,5.379791505902474
2829,ENSG00000119684,5.4625812309171735
2830,ENSG00000119685,4.984989211626151
2831,ENSG00000119688,5.870275038711483
2832,ENSG00000119689,5.34796365792743
2833,ENSG00000119705,5.659514749408215
2834,ENSG00000119707,5.52404831254456
2835,ENSG00000119718,6.060241053122213
2836,ENSG00000119720,3.910729821538334
2837,ENSG00000119725,4.947654868709774
2838,ENSG00000119729,5.801375597322004
2839,ENSG00000119737,4.718605417411811
2840,ENSG00000119760,5.603762616829236
2841,ENSG00000119777,6.403488813473409
2842,ENSG00000119778,5.546187615381176
2843,ENSG00000119787,5.239196712274911
2844,ENSG00000119801,4.9724277764586695
2845,ENSG00000119812,6.166894185811999
2846,ENSG00000119820,6.045884295367136
2847,ENSG00000119844,5.3316974360882945
2848,ENSG00000119878,5.378628494584742
2849,ENSG00000119899,5.678150999065025
2850,ENSG00000119912,6.403340465762198
2851,ENSG00000119927,5.215513688408614
2852,ENSG00000119929,5.750568820997347
2853,ENSG00000119938,4.492045832288157
2854,ENSG00000119950,5.58693024582729
2855,ENSG00000119953,5.108340970657482
2856,ENSG00000119965,5.539624496979054
2857,ENSG00000119969,6.097112268263143
2858,ENSG00000119977,6.527845686641211
2859,ENSG00000119979,5.588232786731888
2860,ENSG00000120008,5.845943320813223
2861,ENSG00000120049,5.882793011612887
2862,ENSG00000120053,6.36038116017627
2863,ENSG00000120063,4.7232407543126484
2864,ENSG00000120093,5.121427276684199
2865,ENSG00000120129,4.2604216606772605
2866,ENSG00000120137,6.14415455074702
2867,ENSG00000120158,5.846965218604861
2868,ENSG00000120159,5.92274054466002
2869,ENSG00000120162,6.02746386757706
2870,ENSG00000120253,6.144883656017316
2871,ENSG00000120254,5.547546039138728
2872,ENSG00000120265,6.0571600127360545
2873,ENSG00000120306,6.447146689668304
2874,ENSG00000120314,5.587468096963214
2875,ENSG00000120318,6.169526552857584
2876,ENSG00000120333,5.478161085598247
2877,ENSG00000120334,4.35661071122629
2878,ENSG00000120370,4.442347640872819
2879,ENSG00000120437,6.939928419614718
2880,ENSG00000120438,6.393235654540427
2881,ENSG00000120451,5.490589929123698
2882,ENSG00000120458,5.633083777975152
2883,ENSG00000120509,6.31733543114982
2884,ENSG00000120519,5.013517038517442
2885,ENSG00000120526,6.190598141144841
2886,ENSG00000120533,6.099578986806376
2887,ENSG00000120539,5.162629353875902
2888,ENSG00000120616,4.021023019941409
2889,ENSG00000120647,4.434475138334852
2890,ENSG00000120656,6.752983883766662
2891,ENSG00000120662,5.176527075444951
2892,ENSG00000120664,3.387430618205785
2893,ENSG00000120685,6.058852120911548
2894,ENSG00000120686,6.1979326909526975
2895,ENSG00000120688,4.962022430455734
2896,ENSG00000120690,4.987746780279124
2897,ENSG00000120694,6.435959806682775
2898,ENSG00000120697,5.593503756065626
2899,ENSG00000120699,6.581490142450919
2900,ENSG00000120705,6.0197670562742465
2901,ENSG00000120709,5.200860289956401
2902,ENSG00000120725,6.3031646137403365
2903,ENSG00000120727,5.973929409344794
2904,ENSG00000120733,5.66887659941335
2905,ENSG00000120738,5.217768636615875
2906,ENSG00000120742,6.325504515068858
2907,ENSG00000120798,5.972721957499991
2908,ENSG00000120800,5.112297638536054
2909,ENSG00000120802,5.564542000416239
2910,ENSG00000120805,6.479307975726322
2911,ENSG00000120832,6.231161966815714
2912,ENSG00000120833,6.065239796630105
2913,ENSG00000120837,6.045754220859363
2914,ENSG00000120860,6.721483112116716
2915,ENSG00000120868,6.740684385081671
2916,ENSG00000120889,5.6815329800335785
2917,ENSG00000120899,6.47199298615709
2918,ENSG00000120910,5.349299043603996
2919,ENSG00000120942,5.3452346222938205
2920,ENSG00000120948,5.184169589165495
2921,ENSG00000120963,6.093496923290516
2922,ENSG00000120992,7.460530229487152
2923,ENSG00000121022,5.890193591565165
2924,ENSG00000121039,5.839607345483005
2925,ENSG00000121057,5.329307147433869
2926,ENSG00000121058,5.191804954434839
2927,ENSG00000121060,6.335100601501151
2928,ENSG00000121064,7.3544732484530435
2929,ENSG00000121067,5.580205662166602
2930,ENSG00000121073,5.840644200667975
2931,ENSG00000121104,5.936019232901731
2932,ENSG00000121152,5.365128668743688
2933,ENSG00000121210,4.970664495712004
2934,ENSG00000121211,6.686469607757302
2935,ENSG00000121274,4.841549382195229
2936,ENSG00000121281,6.472882526064349
2937,ENSG00000121350,5.538781624056592
2938,ENSG00000121390,4.908529721915565
2939,ENSG00000121417,4.153704534898431
2940,ENSG00000121481,5.625873748265179
2941,ENSG00000121542,6.105331155647315
2942,ENSG00000121579,6.257739497690126
2943,ENSG00000121621,4.877394747592775
2944,ENSG00000121644,5.642901197710812
2945,ENSG00000121671,4.690162643035417
2946,ENSG00000121680,5.570534472277935
2947,ENSG00000121691,6.199660160011579
2948,ENSG00000121716,5.048488622633394
2949,ENSG00000121741,5.969335730594476
2950,ENSG00000121749,5.278090442609736
2951,ENSG00000121766,5.88240935491123
2952,ENSG00000121774,5.862134427306141
2953,ENSG00000121775,5.390857659201891
2954,ENSG00000121851,7.081724980224308
2955,ENSG00000121858,6.86240793946766
2956,ENSG00000121864,5.401523685111669
2957,ENSG00000121879,5.774032408647581
2958,ENSG00000121892,5.885181711488301
2959,ENSG00000121897,6.941175188100173
2960,ENSG00000121900,7.736280470080105
2961,ENSG00000121903,4.723696324577398
2962,ENSG00000121931,5.216762918369083
2963,ENSG00000121940,6.307958438098835
2964,ENSG00000121964,5.531472110382862
2965,ENSG00000122008,6.048782642246365
2966,ENSG00000122026,5.959581360046105
2967,ENSG00000122033,6.392275389346529
2968,ENSG00000122034,7.3014030600083215
2969,ENSG00000122042,4.701487703432504
2970,ENSG00000122068,5.985418962689
2971,ENSG00000122085,4.995583318107514
2972,ENSG00000122126,6.688753509455568
2973,ENSG00000122140,6.00988948530468
2974,ENSG00000122203,6.2701303844712015
2975,ENSG00000122218,6.031628950337882
2976,ENSG00000122257,5.048210216740439
2977,ENSG00000122299,5.474936680186637
2978,ENSG00000122359,6.753536453436417
2979,ENSG00000122376,5.600965968212683
2980,ENSG00000122378,7.395972266215396
2981,ENSG00000122390,5.477519696968338
2982,ENSG00000122406,7.282835677604136
2983,ENSG00000122435,6.039401776099577
2984,ENSG00000122481,6.538006090815286
2985,ENSG00000122482,4.769914248523983
2986,ENSG00000122483,5.59971632999183
2987,ENSG00000122484,5.535193263099516
2988,ENSG00000122512,5.713774710562096
2989,ENSG00000122515,7.17103156920781
2990,ENSG00000122545,6.465389377699182
2991,ENSG00000122550,6.12966266827784
2992,ENSG00000122557,5.202023013088588
2993,ENSG00000122565,5.76358832619964
2994,ENSG00000122566,6.347363523761492
2995,ENSG00000122574,6.905056965338671
2996,ENSG00000122591,6.471964925553845
2997,ENSG00000122642,8.195755764812779
2998,ENSG00000122643,6.2445869628793576
2999,ENSG00000122644,4.517113136683984
3000,ENSG00000122674,5.706170692760148
3001,ENSG00000122678,5.343783742654018
3002,ENSG00000122687,4.99193001789936
3003,ENSG00000122692,6.074545607962384
3004,ENSG00000122696,5.736706557150691
3005,ENSG00000122705,5.761790329373327
3006,ENSG00000122729,6.6412814204611355
3007,ENSG00000122741,5.465985857318159
3008,ENSG00000122779,4.7075705267756565
3009,ENSG00000122873,6.086176177078389
3010,ENSG00000122882,4.480132777716061
3011,ENSG00000122884,6.343633220160634
3012,ENSG00000122912,5.2226416919052285
3013,ENSG00000122952,5.486257225762414
3014,ENSG00000122958,6.172872404696749
3015,ENSG00000122965,4.5190078996323155
3016,ENSG00000122966,5.621990617203922
3017,ENSG00000123064,6.103289235385094
3018,ENSG00000123066,5.40113743606378
3019,ENSG00000123080,5.260306637378949
3020,ENSG00000123091,5.416214962901435
3021,ENSG00000123094,5.294401451975316
3022,ENSG00000123104,4.993961777323611
3023,ENSG00000123106,5.668838299976723
3024,ENSG00000123124,5.226273247872417
3025,ENSG00000123130,6.400067643290418
3026,ENSG00000123131,6.549466068252911
3027,ENSG00000123136,4.989677647106486
3028,ENSG00000123143,7.304056177285093
3029,ENSG00000123144,5.539406694906338
3030,ENSG00000123146,5.707774133691098
3031,ENSG00000123154,5.947816887201671
3032,ENSG00000123159,6.346247067747428
3033,ENSG00000123200,5.347930024651859
3034,ENSG00000123213,6.041886102151434
3035,ENSG00000123219,5.382789331240588
3036,ENSG00000123240,7.305075485926514
3037,ENSG00000123268,4.853344462773758
3038,ENSG00000123297,5.326414522737392
3039,ENSG00000123329,4.717096692858623
3040,ENSG00000123338,5.922465051938329
3041,ENSG00000123349,6.904981172806547
3042,ENSG00000123352,6.022480566929954
3043,ENSG00000123353,4.91169416059415
3044,ENSG00000123358,5.236405009460565
3045,ENSG00000123360,4.861562538536381
3046,ENSG00000123374,6.41986450602449
3047,ENSG00000123395,5.521958603302668
3048,ENSG00000123405,5.165719642862095
3049,ENSG00000123415,5.454717676332875
3050,ENSG00000123416,6.165881248961514
3051,ENSG00000123472,5.7275510985403075
3052,ENSG00000123473,5.272601265819824
3053,ENSG00000123485,4.677572365397049
3054,ENSG00000123505,5.412181962187277
3055,ENSG00000123545,4.092386968897608
3056,ENSG00000123552,5.371473484874042
3057,ENSG00000123562,6.991601833047114
3058,ENSG00000123575,5.765763315609207
3059,ENSG00000123595,5.377192302041786
3060,ENSG00000123600,6.721946813345889
3061,ENSG00000123607,5.484847679332175
3062,ENSG00000123609,6.612475655768034
3063,ENSG00000123636,5.28290066312002
3064,ENSG00000123643,5.372006552296267
3065,ENSG00000123684,6.2929979514332475
3066,ENSG00000123728,5.354187827691763
3067,ENSG00000123737,5.815273146174545
3068,ENSG00000123739,6.998188340911009
3069,ENSG00000123810,4.485629372705379
3070,ENSG00000123836,6.239343621164647
3071,ENSG00000123892,6.643538944696084
3072,ENSG00000123901,4.00523964979464
3073,ENSG00000123908,4.751710738301772
3074,ENSG00000123933,5.509981411873821
3075,ENSG00000123975,4.976918915412639
3076,ENSG00000123983,6.0587637968243095
3077,ENSG00000123989,6.923650656012849
3078,ENSG00000123992,6.3118376658441395
3079,ENSG00000124067,6.118430533162483
3080,ENSG00000124092,6.622566574428504
3081,ENSG00000124103,4.388791496927324
3082,ENSG00000124120,4.947042946045995
3083,ENSG00000124126,5.810949208040684
3084,ENSG00000124145,4.782613584987743
3085,ENSG00000124151,5.52804907971998
3086,ENSG00000124155,6.575057315176517
3087,ENSG00000124160,4.5384068943857825
3088,ENSG00000124164,4.785632388654321
3089,ENSG00000124171,4.670802496513459
3090,ENSG00000124172,5.978118174609621
3091,ENSG00000124177,4.892138753664138
3092,ENSG00000124181,5.947664714133136
3093,ENSG00000124193,4.766290271636265
3094,ENSG00000124198,5.021595417393182
3095,ENSG00000124201,4.681293948317599
3096,ENSG00000124207,6.061867787716752
3097,ENSG00000124208,5.8665434283831805
3098,ENSG00000124209,4.7349394923366495
3099,ENSG00000124214,5.885459426869606
3100,ENSG00000124216,4.8986580938785425
3101,ENSG00000124222,6.174553228147098
3102,ENSG00000124224,5.03451956119754
3103,ENSG00000124226,6.069559752481649
3104,ENSG00000124228,5.61383590927306
3105,ENSG00000124275,5.3126660693597625
3106,ENSG00000124279,4.910221294777703
3107,ENSG00000124356,6.058709633734631
3108,ENSG00000124357,5.904191147250645
3109,ENSG00000124370,6.078044680076408
3110,ENSG00000124380,5.514133931171022
3111,ENSG00000124383,5.391624660572381
3112,ENSG00000124422,5.376100997828276
3113,ENSG00000124444,5.011913153480587
3114,ENSG00000124459,4.938670579658817
3115,ENSG00000124486,5.594309174372155
3116,ENSG00000124508,6.916850389128563
3117,ENSG00000124523,5.867020072440377
3118,ENSG00000124532,5.6583534081251265
3119,ENSG00000124535,5.895007557923824
3120,ENSG00000124541,5.508524319306441
3121,ENSG00000124549,5.235625818825634
3122,ENSG00000124562,5.830777126060195
3123,ENSG00000124570,7.53571019199209
3124,ENSG00000124571,6.267186625667077
3125,ENSG00000124574,6.035479794794152
3126,ENSG00000124587,6.009171115447605
3127,ENSG00000124588,6.824305450841166
3128,ENSG00000124593,6.123745923374559
3129,ENSG00000124596,6.003522816049468
3130,ENSG00000124608,5.577840362831022
3131,ENSG00000124614,7.069949643003655
3132,ENSG00000124615,5.544174055883647
3133,ENSG00000124641,5.822410279372755
3134,ENSG00000124688,4.472325277181062
3135,ENSG00000124702,6.896704404263335
3136,ENSG00000124721,4.800690910171367
3137,ENSG00000124733,6.446375730797688
3138,ENSG00000124762,4.636023137367753
3139,ENSG00000124767,6.992069255195605
3140,ENSG00000124782,5.752887290913837
3141,ENSG00000124783,6.272437087492342
3142,ENSG00000124784,5.723164063773389
3143,ENSG00000124786,6.090399006194013
3144,ENSG00000124789,5.3114093095495925
3145,ENSG00000124795,5.666915121314761
3146,ENSG00000124802,6.275986514946619
3147,ENSG00000124831,6.026950472997858
3148,ENSG00000124920,6.531649961999619
3149,ENSG00000124942,5.345027149341159
3150,ENSG00000125037,5.5476581920129195
3151,ENSG00000125107,5.525944744764399
3152,ENSG00000125124,6.636132041546426
3153,ENSG00000125149,5.164886886852931
3154,ENSG00000125166,7.12783398395373
3155,ENSG00000125257,5.521838754972778
3156,ENSG00000125304,6.514240264457473
3157,ENSG00000125319,5.005283675042776
3158,ENSG00000125347,3.9874659710516807
3159,ENSG00000125351,4.78799488885881
3160,ENSG00000125354,6.3791995582433385
3161,ENSG00000125356,5.940320043601274
3162,ENSG00000125375,6.784364557477462
3163,ENSG00000125386,4.637575986263771
3164,ENSG00000125388,5.018907615915665
3165,ENSG00000125430,6.037741639108139
3166,ENSG00000125445,5.440006712113159
3167,ENSG00000125447,6.091453347720907
3168,ENSG00000125449,5.566510610613462
3169,ENSG00000125450,5.438327537292702
3170,ENSG00000125454,6.668252593575571
3171,ENSG00000125458,8.098003046368405
3172,ENSG00000125459,5.048000653999577
3173,ENSG00000125462,5.180470013637364
3174,ENSG00000125482,5.00790715168264
3175,ENSG00000125484,4.927396129779125
3176,ENSG00000125485,4.542114812769
3177,ENSG00000125505,6.817808246116131
3178,ENSG00000125520,6.55607834850414
3179,ENSG00000125534,10.773100736188654
3180,ENSG00000125611,7.0439292053327005
3181,ENSG00000125629,6.671598844201603
3182,ENSG00000125630,5.080796380920858
3183,ENSG00000125633,4.9700299249657345
3184,ENSG00000125637,5.847962456896109
3185,ENSG00000125651,5.51097702496471
3186,ENSG00000125656,6.96944175758888
3187,ENSG00000125657,4.622909077829794
3188,ENSG00000125676,6.236448577028965
3189,ENSG00000125686,4.784882231315794
3190,ENSG00000125691,6.350336452333061
3191,ENSG00000125695,6.43559445033073
3192,ENSG00000125703,7.982169782681374
3193,ENSG00000125726,5.846777102961901
3194,ENSG00000125733,5.885552411617131
3195,ENSG00000125734,7.069406315800271
3196,ENSG00000125740,4.833835886560493
3197,ENSG00000125743,6.4660114552320564
3198,ENSG00000125744,6.777759918836131
3199,ENSG00000125746,6.701983746812532
3200,ENSG00000125753,5.942277207717022
3201,ENSG00000125755,5.808782233118197
3202,ENSG00000125772,5.783268996024357
3203,ENSG00000125779,5.24218643776237
3204,ENSG00000125812,4.696718570678461
3205,ENSG00000125814,5.340200708906262
3206,ENSG00000125818,5.701301563506642
3207,ENSG00000125826,6.654731105183455
3208,ENSG00000125827,6.105243221132698
3209,ENSG00000125834,4.675632536522156
3210,ENSG00000125835,6.010922505460496
3211,ENSG00000125843,4.953670295622577
3212,ENSG00000125844,5.96773590963312
3213,ENSG00000125863,5.644034340890956
3214,ENSG00000125868,6.656003565838992
3215,ENSG00000125870,5.57974841784069
3216,ENSG00000125871,5.767557723643942
3217,ENSG00000125875,5.681255494832195
3218,ENSG00000125877,6.3050520420449425
3219,ENSG00000125885,5.681587273759462
3220,ENSG00000125901,5.98420529299273
3221,ENSG00000125912,5.946525705225739
3222,ENSG00000125944,6.1241233110422195
3223,ENSG00000125945,4.150707040837348
3224,ENSG00000125952,5.2396765354066375
3225,ENSG00000125954,5.228434097550702
3226,ENSG00000125962,6.1579592367790585
3227,ENSG00000125967,5.045207250504529
3228,ENSG00000125968,4.0712809995307335
3229,ENSG00000125970,6.464114910683378
3230,ENSG00000125971,5.622965539376348
3231,ENSG00000125977,6.471449979449603
3232,ENSG00000125991,7.3569398844133165
3233,ENSG00000125995,6.566381455250488
3234,ENSG00000126001,6.021646203712042
3235,ENSG00000126003,4.756839487684064
3236,ENSG00000126005,6.763808826985838
3237,ENSG00000126012,5.841770455836652
3238,ENSG00000126062,4.738057922390126
3239,ENSG00000126067,6.122729953858022
3240,ENSG00000126070,5.380480014034285
3241,ENSG00000126088,6.561290765184783
3242,ENSG00000126091,5.312812011048844
3243,ENSG00000126107,5.704218104866341
3244,ENSG00000126214,5.465660141066983
3245,ENSG00000126216,5.551974523391002
3246,ENSG00000126226,5.566252476115896
3247,ENSG00000126247,6.905615356782452
3248,ENSG00000126254,5.706632637962466
3249,ENSG00000126261,6.0697101969311165
3250,ENSG00000126267,6.190358046124085
3251,ENSG00000126351,5.8786739357815945
3252,ENSG00000126368,4.767106419817801
3253,ENSG00000126391,5.110354514742909
3254,ENSG00000126432,6.879375151517419
3255,ENSG00000126456,6.878931236141917
3256,ENSG00000126457,6.525890072986387
3257,ENSG00000126461,5.740530005300234
3258,ENSG00000126464,5.168021299752422
3259,ENSG00000126522,6.976616535887388
3260,ENSG00000126524,5.657275002951328
3261,ENSG00000126561,6.746312848640563
3262,ENSG00000126562,5.832084799270818
3263,ENSG00000126581,4.83638674009392
3264,ENSG00000126602,6.879692677476473
3265,ENSG00000126603,5.919742899019563
3266,ENSG00000126653,5.019450759576623
3267,ENSG00000126698,5.84888831733924
3268,ENSG00000126705,5.566132737939681
3269,ENSG00000126746,4.9644535633479085
3270,ENSG00000126749,5.537226570768901
3271,ENSG00000126756,6.166683794270632
3272,ENSG00000126759,3.999350851901924
3273,ENSG00000126767,5.432971906134366
3274,ENSG00000126768,7.412054108267989
3275,ENSG00000126773,5.339115547898417
3276,ENSG00000126775,4.817634288784002
3277,ENSG00000126777,6.711580426225119
3278,ENSG00000126787,5.5062668725464725
3279,ENSG00000126790,4.505541550446725
3280,ENSG00000126814,5.687528116655335
3281,ENSG00000126858,6.084604469519882
3282,ENSG00000126870,4.638953665374318
3283,ENSG00000126882,4.5760589315424145
3284,ENSG00000126883,5.4457211648547545
3285,ENSG00000126903,5.000671587141925
3286,ENSG00000126934,6.425838794166665
3287,ENSG00000126945,5.19555496208802
3288,ENSG00000126953,5.352233943987885
3289,ENSG00000127022,6.415800883986035
3290,ENSG00000127054,6.467829191792853
3291,ENSG00000127080,4.89148830271311
3292,ENSG00000127081,4.348798092573509
3293,ENSG00000127125,5.843550520858682
3294,ENSG00000127184,6.806410913907114
3295,ENSG00000127191,5.575577941512774
3296,ENSG00000127311,5.689377262384469
3297,ENSG00000127314,6.0950570298196824
3298,ENSG00000127328,7.4602944961226525
3299,ENSG00000127329,6.5029192910096
3300,ENSG00000127337,5.654196971644286
3301,ENSG00000127399,6.235127843473557
3302,ENSG00000127415,6.759090704116604
3303,ENSG00000127418,5.641009435455788
3304,ENSG00000127419,6.65581213860612
3305,ENSG00000127423,4.734159966271135
3306,ENSG00000127445,6.910605319216986
3307,ENSG00000127452,5.158897565323912
3308,ENSG00000127463,6.395707633547182
3309,ENSG00000127481,5.403950909786929
3310,ENSG00000127483,5.182964174916479
3311,ENSG00000127507,4.629991515885244
3312,ENSG00000127511,6.212029132865745
3313,ENSG00000127526,5.577436042962211
3314,ENSG00000127527,5.508225694101091
3315,ENSG00000127540,6.527769589429065
3316,ENSG00000127554,5.464596831758881
3317,ENSG00000127564,6.293764993767897
3318,ENSG00000127580,6.251626262537989
3319,ENSG00000127586,7.020997782213152
3320,ENSG00000127603,5.433482806944352
3321,ENSG00000127616,6.385930809074068
3322,ENSG00000127663,6.236430860848998
3323,ENSG00000127774,6.465160745549685
3324,ENSG00000127804,4.753269763752667
3325,ENSG00000127824,4.931010130007128
3326,ENSG00000127837,6.009634307316483
3327,ENSG00000127838,6.019895190496715
3328,ENSG00000127870,4.971164630476421
3329,ENSG00000127884,6.8880761806341555
3330,ENSG00000127914,5.566824340390161
3331,ENSG00000127922,6.292114861493409
3332,ENSG00000127946,5.984874936223591
3333,ENSG00000127947,5.891499437616703
3334,ENSG00000127948,5.9239095334420035
3335,ENSG00000127952,6.693812546489169
3336,ENSG00000127957,4.495667591688671
3337,ENSG00000127980,5.788115346780464
3338,ENSG00000127993,4.47458867025426
3339,ENSG00000127995,6.335342554536795
3340,ENSG00000128016,4.82266660570398
3341,ENSG00000128050,7.28365135344709
3342,ENSG00000128059,6.122328080816548
3343,ENSG00000128159,5.813857576517111
3344,ENSG00000128185,7.443622759712506
3345,ENSG00000128191,4.683103710314057
3346,ENSG00000128228,6.582169388675959
3347,ENSG00000128245,5.916627442084505
3348,ENSG00000128272,5.129617844966072
3349,ENSG00000128283,5.512352066510045
3350,ENSG00000128294,6.6588288558660285
3351,ENSG00000128311,5.420409975174121
3352,ENSG00000128335,6.545595568388112
3353,ENSG00000128340,7.0005664458378805
3354,ENSG00000128394,6.658079112003768
3355,ENSG00000128463,6.444577540628595
3356,ENSG00000128513,5.901144858240643
3357,ENSG00000128524,6.109030038969341
3358,ENSG00000128534,5.836646551931179
3359,ENSG00000128563,4.7941080866201995
3360,ENSG00000128578,5.947459107871766
3361,ENSG00000128585,5.393385705897998
3362,ENSG00000128590,4.020950175694344
3363,ENSG00000128591,6.668623577151575
3364,ENSG00000128595,6.281488272550566
3365,ENSG00000128596,7.009605037784182
3366,ENSG00000128607,6.423374535978369
3367,ENSG00000128609,6.204442891821266
3368,ENSG00000128626,5.868670754780368
3369,ENSG00000128654,6.931881252587231
3370,ENSG00000128683,5.428311843622759
3371,ENSG00000128694,6.35322956575543
3372,ENSG00000128699,6.127889374092399
3373,ENSG00000128708,5.900392138500038
3374,ENSG00000128731,5.583916365403813
3375,ENSG00000128789,6.186814204213747
3376,ENSG00000128791,5.881966817083968
3377,ENSG00000128829,6.6031633224142
3378,ENSG00000128881,5.5409550370580565
3379,ENSG00000128891,6.262989922125025
3380,ENSG00000128908,3.973894947651361
3381,ENSG00000128915,6.323025737467692
3382,ENSG00000128923,5.450398453373128
3383,ENSG00000128944,5.65575951916435
3384,ENSG00000128951,6.2426060846150415
3385,ENSG00000128965,4.623234214470456
3386,ENSG00000128973,6.528320488811842
3387,ENSG00000128989,5.565644845778037
3388,ENSG00000129003,5.99550895927208
3389,ENSG00000129007,5.99111056502263
3390,ENSG00000129055,5.684929971381055
3391,ENSG00000129071,5.161729161805528
3392,ENSG00000129083,5.745018744230791
3393,ENSG00000129084,6.207529910075112
3394,ENSG00000129103,8.85387111416228
3395,ENSG00000129128,6.873431494075717
3396,ENSG00000129158,5.343180840395644
3397,ENSG00000129173,4.4920583456900065
3398,ENSG00000129187,6.070931062880269
3399,ENSG00000129197,5.7899923171654155
3400,ENSG00000129226,4.685675866656779
3401,ENSG00000129235,6.680442262540937
3402,ENSG00000129244,6.3473870761212945
3403,ENSG00000129245,5.290527336112886
3404,ENSG00000129250,6.660363964168025
3405,ENSG00000129255,6.592158391208985
3406,ENSG00000129292,5.5103411048607365
3407,ENSG00000129315,4.673168385968843
3408,ENSG00000129317,6.047895344995965
3409,ENSG00000129347,5.904726468111302
3410,ENSG00000129351,5.688806551552333
3411,ENSG00000129353,6.367603849379153
3412,ENSG00000129460,5.086462730807932
3413,ENSG00000129472,5.769130163183896
3414,ENSG00000129473,5.582627544718896
3415,ENSG00000129484,6.42487956231134
3416,ENSG00000129493,5.426047969284876
3417,ENSG00000129515,6.226730466855802
3418,ENSG00000129518,4.630150167306612
3419,ENSG00000129521,4.694600427068944
3420,ENSG00000129534,5.291808413923857
3421,ENSG00000129559,6.389225850491365
3422,ENSG00000129562,6.595342694566863
3423,ENSG00000129595,5.071534586297983
3424,ENSG00000129625,5.430810845264129
3425,ENSG00000129636,4.654400692936067
3426,ENSG00000129646,4.629032893101739
3427,ENSG00000129657,5.410070598743238
3428,ENSG00000129675,7.1029882951926835
3429,ENSG00000129682,6.408486763972359
3430,ENSG00000129691,5.979912514185942
3431,ENSG00000129696,4.8723664191954645
3432,ENSG00000129749,3.724158961689929
3433,ENSG00000129757,5.741221517538211
3434,ENSG00000129810,5.241361887519488
3435,ENSG00000129925,6.898481470215051
3436,ENSG00000129932,4.870303802810713
3437,ENSG00000129933,5.024237790351537
3438,ENSG00000129968,7.500547424438569
3439,ENSG00000129991,5.929826586065662
3440,ENSG00000129993,5.954583437964317
3441,ENSG00000130021,5.727680859612996
3442,ENSG00000130023,5.951251445171234
3443,ENSG00000130024,5.959596155423308
3444,ENSG00000130038,6.530964141752192
3445,ENSG00000130052,5.87657440818261
3446,ENSG00000130055,2.7683827799110023
3447,ENSG00000130066,5.551989846490536
3448,ENSG00000130119,5.783355847195922
3449,ENSG00000130150,5.842600509297693
3450,ENSG00000130158,6.344332011000566
3451,ENSG00000130159,6.196216793674827
3452,ENSG00000130164,4.7652786584708
3453,ENSG00000130165,5.0764292351326326
3454,ENSG00000130175,7.261706675131474
3455,ENSG00000130176,5.170371710528505
3456,ENSG00000130177,5.9210433111415535
3457,ENSG00000130202,6.344356155572949
3458,ENSG00000130203,6.856674512322674
3459,ENSG00000130204,5.259799404825365
3460,ENSG00000130208,6.3905189793513255
3461,ENSG00000130222,3.7945363770718843
3462,ENSG00000130227,5.879368184818649
3463,ENSG00000130244,7.3065789073122325
3464,ENSG00000130254,5.057834452838005
3465,ENSG00000130255,6.782915987061254
3466,ENSG00000130270,5.107477079490124
3467,ENSG00000130294,6.90949877689265
3468,ENSG00000130299,6.806557132665573
3469,ENSG00000130303,7.537342664863217
3470,ENSG00000130305,6.135727020398469
3471,ENSG00000130309,6.365174554135278
3472,ENSG00000130311,5.525882253616693
3473,ENSG00000130313,6.540656706173493
3474,ENSG00000130332,6.001416348220643
3475,ENSG00000130340,5.0120708587321205
3476,ENSG00000130347,5.803122035978288
3477,ENSG00000130348,6.139072837895187
3478,ENSG00000130349,5.15608239135675
3479,ENSG00000130363,4.521248240995918
3480,ENSG00000130382,5.561321964784797
3481,ENSG00000130396,6.155532406494186
3482,ENSG00000130402,6.38538279908263
3483,ENSG00000130414,6.23420976242386
3484,ENSG00000130429,6.660736251073801
3485,ENSG00000130449,4.610015928263646
3486,ENSG00000130479,5.452435239715487
3487,ENSG00000130489,5.3540208977396695
3488,ENSG00000130511,6.800007487447084
3489,ENSG00000130513,5.475710492592092
3490,ENSG00000130517,6.5957855239168195
3491,ENSG00000130520,6.7071136790989545
3492,ENSG00000130544,3.867710152153977
3493,ENSG00000130559,5.053736394575091
3494,ENSG00000130560,6.348572004316792
3495,ENSG00000130640,6.216503732744591
3496,ENSG00000130649,3.7081667459542365
3497,ENSG00000130695,5.275901832754435
3498,ENSG00000130699,5.499579476614973
3499,ENSG00000130703,5.853929601311535
3500,ENSG00000130706,5.823859731440006
3501,ENSG00000130707,7.086552016602526
3502,ENSG00000130713,6.467960097761267
3503,ENSG00000130714,5.085329373360311
3504,ENSG00000130717,6.145840443437012
3505,ENSG00000130723,4.950306771695897
3506,ENSG00000130724,6.571843169397556
3507,ENSG00000130725,6.3004835839409745
3508,ENSG00000130726,5.945773180284428
3509,ENSG00000130731,7.315526041552721
3510,ENSG00000130733,7.2064142650460585
3511,ENSG00000130734,4.938263743384537
3512,ENSG00000130741,6.996173466273093
3513,ENSG00000130749,4.39110667001693
3514,ENSG00000130764,5.33862841577774
3515,ENSG00000130766,5.515852522895634
3516,ENSG00000130770,6.588095675627206
3517,ENSG00000130772,4.6340163103495104
3518,ENSG00000130775,5.740186638261908
3519,ENSG00000130779,5.2206054624263345
3520,ENSG00000130783,4.031450624525529
3521,ENSG00000130787,6.89200945416088
3522,ENSG00000130803,4.881004973829099
3523,ENSG00000130810,5.058408291478105
3524,ENSG00000130811,6.714045914874395
3525,ENSG00000130816,5.5745363930682466
3526,ENSG00000130818,4.435277953516015
3527,ENSG00000130821,6.565332933122594
3528,ENSG00000130826,6.261575236569328
3529,ENSG00000130827,5.892656752755354
3530,ENSG00000130830,7.075177060479091
3531,ENSG00000130921,5.011668507140267
3532,ENSG00000130935,5.499531777081021
3533,ENSG00000130939,5.941769629235511
3534,ENSG00000130958,6.703181298885096
3535,ENSG00000130985,6.575232043806896
3536,ENSG00000130997,4.703903450619529
3537,ENSG00000131013,5.9381734815767455
3538,ENSG00000131023,4.70116451745556
3539,ENSG00000131043,4.843906528177608
3540,ENSG00000131051,4.970534874746509
3541,ENSG00000131067,7.160655244156361
3542,ENSG00000131069,7.2566528642913735
3543,ENSG00000131100,5.691237770884705
3544,ENSG00000131115,4.711867598724338
3545,ENSG00000131116,5.8916964390479505
3546,ENSG00000131143,6.640967132283829
3547,ENSG00000131148,5.380977567245806
3548,ENSG00000131149,5.418520534775361
3549,ENSG00000131152,6.204486894985073
3550,ENSG00000131153,5.848623031739965
3551,ENSG00000131165,5.802847981378759
3552,ENSG00000131171,8.102195131464748
3553,ENSG00000131174,5.889024381927924
3554,ENSG00000131196,4.548571360535915
3555,ENSG00000131236,6.072785865114124
3556,ENSG00000131238,6.51042332443964
3557,ENSG00000131242,5.964768525161411
3558,ENSG00000131263,5.546118173498659
3559,ENSG00000131269,6.844712300741894
3560,ENSG00000131323,5.431246116619049
3561,ENSG00000131351,4.820242426076152
3562,ENSG00000131368,6.546801980945351
3563,ENSG00000131370,5.980502135889155
3564,ENSG00000131373,5.896832690218831
3565,ENSG00000131374,5.559462643510132
3566,ENSG00000131375,5.1960693219131375
3567,ENSG00000131379,3.836310927527105
3568,ENSG00000131381,5.066679992901283
3569,ENSG00000131389,5.434962278383547
3570,ENSG00000131408,5.297248146323536
3571,ENSG00000131435,6.450043306526605
3572,ENSG00000131437,6.8107013106879615
3573,ENSG00000131446,5.906357561629015
3574,ENSG00000131462,6.448835442599804
3575,ENSG00000131467,6.142741223190157
3576,ENSG00000131469,6.59770565969003
3577,ENSG00000131470,5.632006635188692
3578,ENSG00000131471,4.315247211864901
3579,ENSG00000131473,7.051526282508512
3580,ENSG00000131475,6.252274633419012
3581,ENSG00000131480,4.8343985170076085
3582,ENSG00000131495,5.959608267137402
3583,ENSG00000131503,5.5604677961468285
3584,ENSG00000131504,6.138391018206578
3585,ENSG00000131507,6.943619866348646
3586,ENSG00000131508,6.304385908248412
3587,ENSG00000131558,5.344230525179312
3588,ENSG00000131584,5.898684297062409
3589,ENSG00000131626,5.3658452471591165
3590,ENSG00000131652,5.488459048313627
3591,ENSG00000131653,6.381267361495419
3592,ENSG00000131669,5.179334908496106
3593,ENSG00000131697,5.803831381890293
3594,ENSG00000131711,5.948870436129794
3595,ENSG00000131721,6.296957195004726
3596,ENSG00000131724,6.301658716536243
3597,ENSG00000131725,5.432060597938641
3598,ENSG00000131732,6.695825529889168
3599,ENSG00000131747,5.460651825626071
3600,ENSG00000131748,5.899950151875061
3601,ENSG00000131759,4.815727861027196
3602,ENSG00000131778,6.745932559911795
3603,ENSG00000131779,5.8997693878562325
3604,ENSG00000131788,6.211777247465588
3605,ENSG00000131791,6.341818180453241
3606,ENSG00000131828,7.0927990595642765
3607,ENSG00000131844,6.060290036620797
3608,ENSG00000131845,4.758962285140455
3609,ENSG00000131848,4.189257728740049
3610,ENSG00000131871,5.591237537094901
3611,ENSG00000131873,4.739342857847233
3612,ENSG00000131876,6.370907173866351
3613,ENSG00000131931,4.792925290312397
3614,ENSG00000131941,4.635225872551201
3615,ENSG00000131943,6.501433678900056
3616,ENSG00000131944,5.146543174594569
3617,ENSG00000131966,6.566885588440411
3618,ENSG00000132002,5.254364874938206
3619,ENSG00000132004,6.168749512427592
3620,ENSG00000132005,4.672964256133754
3621,ENSG00000132017,5.704574714861859
3622,ENSG00000132024,6.149930713806352
3623,ENSG00000132109,5.4542024946852585
3624,ENSG00000132128,6.532122241177164
3625,ENSG00000132153,5.5754946573058435
3626,ENSG00000132155,5.570182760183333
3627,ENSG00000132182,6.904359163351312
3628,ENSG00000132196,6.4554826885109735
3629,ENSG00000132204,5.716004763435406
3630,ENSG00000132254,5.930008481311843
3631,ENSG00000132256,6.757713985286829
3632,ENSG00000132275,5.12427805465485
3633,ENSG00000132286,5.59967935793018
3634,ENSG00000132294,5.578620538055754
3635,ENSG00000132300,4.9362107180085335
3636,ENSG00000132305,6.607234651650516
3637,ENSG00000132313,5.507708209292785
3638,ENSG00000132323,5.24937827865098
3639,ENSG00000132326,4.5020412360439295
3640,ENSG00000132330,6.205583772010768
3641,ENSG00000132341,6.1089194616092
3642,ENSG00000132356,5.576602247093582
3643,ENSG00000132357,4.907266279557989
3644,ENSG00000132361,5.9619065243679685
3645,ENSG00000132376,4.898811999527276
3646,ENSG00000132382,6.094787318211044
3647,ENSG00000132383,6.352388504529655
3648,ENSG00000132388,5.883237963229475
3649,ENSG00000132394,5.683970157683906
3650,ENSG00000132405,5.296975650753485
3651,ENSG00000132406,6.299284428031832
3652,ENSG00000132423,6.353601807052351
3653,ENSG00000132424,6.234787345538919
3654,ENSG00000132432,5.851151591609288
3655,ENSG00000132434,4.683832865914916
3656,ENSG00000132436,5.37447962633111
3657,ENSG00000132463,6.1302320040953395
3658,ENSG00000132466,5.253121838431762
3659,ENSG00000132471,6.855534010788762
3660,ENSG00000132475,5.08352418159092
3661,ENSG00000132478,5.064271345561903
3662,ENSG00000132485,5.296599620016867
3663,ENSG00000132507,6.599694612263106
3664,ENSG00000132510,4.775781057347807
3665,ENSG00000132522,6.079071695805085
3666,ENSG00000132535,7.691075558113932
3667,ENSG00000132541,7.849622009230744
3668,ENSG00000132549,4.995685822337013
3669,ENSG00000132570,5.195704667778205
3670,ENSG00000132581,5.893580759453104
3671,ENSG00000132589,6.363254205387495
3672,ENSG00000132591,6.414801925359787
3673,ENSG00000132600,5.721724418077342
3674,ENSG00000132603,5.458450493686741
3675,ENSG00000132604,5.26376123261638
3676,ENSG00000132612,6.017597428401122
3677,ENSG00000132613,5.920730531826409
3678,ENSG00000132635,7.352602239589095
3679,ENSG00000132646,5.42183927974961
3680,ENSG00000132664,5.22596135366815
3681,ENSG00000132670,5.8604934980298165
3682,ENSG00000132676,6.323145253422157
3683,ENSG00000132680,4.525675342789137
3684,ENSG00000132688,5.856081711335424
3685,ENSG00000132694,5.5837159806686385
3686,ENSG00000132716,5.831974048443178
3687,ENSG00000132763,5.574352403246815
3688,ENSG00000132768,5.735097241978108
3689,ENSG00000132773,4.289873110233694
3690,ENSG00000132780,5.985655983103737
3691,ENSG00000132781,6.805443669378941
3692,ENSG00000132792,5.842470559394251
3693,ENSG00000132801,3.9522620758565132
3694,ENSG00000132819,4.711559145878016
3695,ENSG00000132823,4.657122654683466
3696,ENSG00000132824,6.218994312724472
3697,ENSG00000132842,5.439350532713951
3698,ENSG00000132881,6.188040219893238
3699,ENSG00000132906,5.397719411236409
3700,ENSG00000132912,5.154572112382026
3701,ENSG00000132950,5.189523783085135
3702,ENSG00000132952,4.834728459353447
3703,ENSG00000132953,5.321514848038024
3704,ENSG00000132963,6.124880828848916
3705,ENSG00000132964,5.966343919434146
3706,ENSG00000133026,5.847273719257837
3707,ENSG00000133028,5.814185683165466
3708,ENSG00000133030,6.14812218264197
3709,ENSG00000133056,5.177879885384916
3710,ENSG00000133059,5.24910553915478
3711,ENSG00000133069,5.364244488566278
3712,ENSG00000133103,6.597012633298186
3713,ENSG00000133104,6.19031182681539
3714,ENSG00000133111,6.3963224205042994
3715,ENSG00000133112,6.7526420946710175
3716,ENSG00000133114,5.846104373364144
3717,ENSG00000133119,5.614357467325332
3718,ENSG00000133134,6.450005472539372
3719,ENSG00000133193,5.482602798802524
3720,ENSG00000133195,6.2883919251421725
3721,ENSG00000133226,5.501840224500455
3722,ENSG00000133243,6.466700394733962
3723,ENSG00000133247,5.63729284980335
3724,ENSG00000133250,5.783796441818244
3725,ENSG00000133265,6.246726507547761
3726,ENSG00000133275,6.690667769944083
3727,ENSG00000133302,5.137676640380419
3728,ENSG00000133313,6.026125705370335
3729,ENSG00000133316,5.637535272599516
3730,ENSG00000133318,6.761942853536425
3731,ENSG00000133393,5.904265703671225
3732,ENSG00000133398,5.474711253327363
3733,ENSG00000133422,4.988702645676071
3734,ENSG00000133454,4.55181395197079
3735,ENSG00000133606,5.309230429613813
3736,ENSG00000133612,4.962047725443622
3737,ENSG00000133619,5.171128131012865
3738,ENSG00000133624,4.4643103018544625
3739,ENSG00000133627,5.185200671406845
3740,ENSG00000133639,4.456634368531851
3741,ENSG00000133641,6.124528973905575
3742,ENSG00000133657,5.486666455030137
3743,ENSG00000133703,5.1186303745319215
3744,ENSG00000133704,6.649026375212903
3745,ENSG00000133706,6.732608180945294
3746,ENSG00000133731,5.5841282974155915
3747,ENSG00000133739,7.73021979112456
3748,ENSG00000133773,5.344104544119668
3749,ENSG00000133805,5.684102439209568
3750,ENSG00000133808,4.461892468159846
3751,ENSG00000133812,5.017031243159261
3752,ENSG00000133816,5.351684471550522
3753,ENSG00000133818,6.613988318604349
3754,ENSG00000133835,7.459542502553824
3755,ENSG00000133858,5.446467691297319
3756,ENSG00000133863,5.946058321660131
3757,ENSG00000133872,6.0962831050540105
3758,ENSG00000133884,5.836059043287948
3759,ENSG00000133895,6.743203637576704
3760,ENSG00000133935,7.359001548156578
3761,ENSG00000133961,6.17980739979842
3762,ENSG00000133997,5.422044181048245
3763,ENSG00000134001,5.997188880739638
3764,ENSG00000134014,5.519406016131096
3765,ENSG00000134030,5.395888943225607
3766,ENSG00000134046,5.701925662529173
3767,ENSG00000134049,6.218755139566964
3768,ENSG00000134056,6.28780881876878
3769,ENSG00000134057,5.309693018905183
3770,ENSG00000134058,5.811649976561022
3771,ENSG00000134072,7.071522640382826
3772,ENSG00000134077,5.970197993205714
3773,ENSG00000134086,5.317561987444295
3774,ENSG00000134107,4.435458926634795
3775,ENSG00000134108,5.923657117023294
3776,ENSG00000134109,5.421991440222873
3777,ENSG00000134138,4.975227017308647
3778,ENSG00000134152,6.391698989794368
3779,ENSG00000134153,5.462821932208797
3780,ENSG00000134186,5.3028499968727205
3781,ENSG00000134222,6.259618356175141
3782,ENSG00000134243,7.2267003286781915
3783,ENSG00000134248,5.624095849185077
3784,ENSG00000134255,6.628914077602526
3785,ENSG00000134262,5.508957814769651
3786,ENSG00000134265,5.983325365939398
3787,ENSG00000134278,5.6062435342504875
3788,ENSG00000134283,5.401807437518359
3789,ENSG00000134287,6.052190907220388
3790,ENSG00000134294,3.8765333287499213
3791,ENSG00000134308,6.060461488211504
3792,ENSG00000134313,5.857146000074309
3793,ENSG00000134318,5.882354760716093
3794,ENSG00000134321,5.365220322981127
3795,ENSG00000134324,5.330417514215133
3796,ENSG00000134326,4.776704406247068
3797,ENSG00000134333,7.080168540022667
3798,ENSG00000134352,5.321180396026051
3799,ENSG00000134371,4.956733073309351
3800,ENSG00000134375,5.580654779245135
3801,ENSG00000134419,6.470293314917762
3802,ENSG00000134440,5.94632852949138
3803,ENSG00000134444,4.845146082301018
3804,ENSG00000134452,5.777526225267427
3805,ENSG00000134453,6.464467955492736
3806,ENSG00000134461,5.151616315945236
3807,ENSG00000134463,6.849774888653716
3808,ENSG00000134470,6.341080939149442
3809,ENSG00000134480,6.074117777318716
3810,ENSG00000134516,5.546684290804351
3811,ENSG00000134575,5.581979368176722
3812,ENSG00000134597,6.30133294673089
3813,ENSG00000134602,6.429637959083863
3814,ENSG00000134644,4.756717158564502
3815,ENSG00000134684,6.6598408695038245
3816,ENSG00000134686,5.754171172063371
3817,ENSG00000134690,5.132011077643552
3818,ENSG00000134697,5.9114768846115835
3819,ENSG00000134698,6.0686867047594175
3820,ENSG00000134709,6.600134917619027
3821,ENSG00000134717,5.533194536297407
3822,ENSG00000134744,5.8608251603493855
3823,ENSG00000134748,5.472665396107894
3824,ENSG00000134755,6.668823051567785
3825,ENSG00000134758,5.976002129073627
3826,ENSG00000134759,6.262410932617473
3827,ENSG00000134769,5.445486473221295
3828,ENSG00000134779,7.277581741703082
3829,ENSG00000134802,6.127833722886753
3830,ENSG00000134809,5.678144216321687
3831,ENSG00000134815,5.128749374061108
3832,ENSG00000134824,6.378006131129059
3833,ENSG00000134825,6.733619387680728
3834,ENSG00000134851,4.7402406186551005
3835,ENSG00000134852,5.872516031502954
3836,ENSG00000134871,5.228416435566009
3837,ENSG00000134882,6.429722115038035
3838,ENSG00000134884,5.945359246517063
3839,ENSG00000134897,7.44798444208499
3840,ENSG00000134899,5.676813180758019
3841,ENSG00000134900,5.97022493271329
3842,ENSG00000134905,6.749601615478376
3843,ENSG00000134910,6.813339805525786
3844,ENSG00000134970,5.745775361970874
3845,ENSG00000134982,4.579845212957665
3846,ENSG00000134987,5.798459925716312
3847,ENSG00000134996,6.367819626610038
3848,ENSG00000135002,6.231167828294048
3849,ENSG00000135018,5.935802385803454
3850,ENSG00000135040,5.543406438790007
3851,ENSG00000135045,5.998337149565479
3852,ENSG00000135046,6.928906028833672
3853,ENSG00000135047,6.700683020402428
3854,ENSG00000135048,4.581422397050775
3855,ENSG00000135069,6.979107459477422
3856,ENSG00000135070,5.381800989609411
3857,ENSG00000135074,6.716081603599789
3858,ENSG00000135090,5.629532347634627
3859,ENSG00000135093,6.049505597863538
3860,ENSG00000135108,4.5384139770491245
3861,ENSG00000135124,6.558277518734419
3862,ENSG00000135148,6.001489111837715
3863,ENSG00000135164,5.164699826458105
3864,ENSG00000135185,5.699042077259828
3865,ENSG00000135211,5.375874230429979
3866,ENSG00000135241,5.0092803529864245
3867,ENSG00000135245,4.936554269120278
3868,ENSG00000135248,3.746273714801016
3869,ENSG00000135249,5.782544685448968
3870,ENSG00000135250,5.576920183858647
3871,ENSG00000135269,5.930072629553321
3872,ENSG00000135297,5.456475895272422
3873,ENSG00000135299,6.123373937914021
3874,ENSG00000135314,4.57574528740047
3875,ENSG00000135315,5.340878669677137
3876,ENSG00000135316,5.696874652995273
3877,ENSG00000135317,5.965852811270402
3878,ENSG00000135324,6.349841807575792
3879,ENSG00000135334,4.584842565724416
3880,ENSG00000135336,6.221011990616185
3881,ENSG00000135341,5.691557392941109
3882,ENSG00000135363,6.291176596811128
3883,ENSG00000135365,5.6865870802414955
3884,ENSG00000135372,5.8420222472387
3885,ENSG00000135387,5.910646009247218
3886,ENSG00000135390,6.872300489823379
3887,ENSG00000135392,5.295389181587495
3888,ENSG00000135404,5.915535743074676
3889,ENSG00000135407,4.27439397679615
3890,ENSG00000135409,5.747943383907488
3891,ENSG00000135414,6.905623740357454
3892,ENSG00000135441,6.117505391428894
3893,ENSG00000135446,6.1490999064172405
3894,ENSG00000135451,4.839592389953356
3895,ENSG00000135452,6.976988866616582
3896,ENSG00000135454,7.33727781789874
3897,ENSG00000135457,5.483902374289985
3898,ENSG00000135469,5.4347878926004345
3899,ENSG00000135473,5.563687550544714
3900,ENSG00000135476,5.7837070753245925
3901,ENSG00000135482,4.453018381458508
3902,ENSG00000135486,6.168592974812532
3903,ENSG00000135503,5.42088192574309
3904,ENSG00000135506,6.550800230521921
3905,ENSG00000135521,5.377708879182075
3906,ENSG00000135525,5.962547806728282
3907,ENSG00000135535,6.006910202654363
3908,ENSG00000135541,5.275480845845067
3909,ENSG00000135549,6.0729145755359095
3910,ENSG00000135587,5.9997440837417875
3911,ENSG00000135596,6.2581888588791665
3912,ENSG00000135597,5.910053821473507
3913,ENSG00000135605,5.052043094319934
3914,ENSG00000135624,6.72256979511815
3915,ENSG00000135632,5.721899888366718
3916,ENSG00000135636,5.643876516433883
3917,ENSG00000135637,4.487857002366258
3918,ENSG00000135655,5.666274101798311
3919,ENSG00000135677,5.934990430349375
3920,ENSG00000135679,5.411846055757613
3921,ENSG00000135686,7.040898013307951
3922,ENSG00000135698,6.502799464438281
3923,ENSG00000135709,5.671741348532456
3924,ENSG00000135720,5.305309636261883
3925,ENSG00000135723,5.555434158065581
3926,ENSG00000135750,5.295386723936554
3927,ENSG00000135763,4.777803177995802
3928,ENSG00000135766,6.0732512820716
3929,ENSG00000135775,5.281911888816966
3930,ENSG00000135776,6.435878764246535
3931,ENSG00000135778,5.40509373865296
3932,ENSG00000135801,4.847526749835117
3933,ENSG00000135821,6.334995923917986
3934,ENSG00000135823,5.034564373807862
3935,ENSG00000135829,4.770238659395235
3936,ENSG00000135837,4.99204316082609
3937,ENSG00000135838,5.2336273564600235
3938,ENSG00000135842,5.201024227576848
3939,ENSG00000135845,5.288594680089811
3940,ENSG00000135870,4.774207515327306
3941,ENSG00000135900,4.98374266598425
3942,ENSG00000135912,6.4352056567818305
3943,ENSG00000135913,4.218489769497231
3944,ENSG00000135916,7.013961280286045
3945,ENSG00000135924,5.380866901565463
3946,ENSG00000135926,5.5384210462411625
3947,ENSG00000135931,5.395463162538268
3948,ENSG00000135932,5.474962340508177
3949,ENSG00000135940,6.244416086185469
3950,ENSG00000135945,5.026668483733288
3951,ENSG00000135953,5.90018559406582
3952,ENSG00000135956,4.1588185864680565
3953,ENSG00000135966,5.317591040603982
3954,ENSG00000135968,5.854982472386886
3955,ENSG00000135972,6.452727537312753
3956,ENSG00000135974,5.186607764884669
3957,ENSG00000135976,5.446897863771918
3958,ENSG00000135999,4.046722204121339
3959,ENSG00000136003,6.0019436035988925
3960,ENSG00000136021,6.049259038528742
3961,ENSG00000136044,5.146693846211646
3962,ENSG00000136045,6.148794428878116
3963,ENSG00000136051,5.301562170651233
3964,ENSG00000136052,3.591526823931379
3965,ENSG00000136059,6.502080576034869
3966,ENSG00000136068,6.235954119530375
3967,ENSG00000136100,6.444659808269207
3968,ENSG00000136104,6.743398610524543
3969,ENSG00000136108,4.9476837253539365
3970,ENSG00000136111,6.347431385077003
3971,ENSG00000136122,5.370468847816821
3972,ENSG00000136141,5.200885717424051
3973,ENSG00000136143,5.681053255256089
3974,ENSG00000136144,5.762033741258856
3975,ENSG00000136146,5.780618137535035
3976,ENSG00000136147,7.290751216556799
3977,ENSG00000136152,4.801353757493223
3978,ENSG00000136156,6.430348860167241
3979,ENSG00000136158,4.123041331525927
3980,ENSG00000136167,6.617695039556475
3981,ENSG00000136169,6.873287888994171
3982,ENSG00000136231,5.657159098596144
3983,ENSG00000136237,4.882423622856604
3984,ENSG00000136238,5.983647925672224
3985,ENSG00000136240,6.56045803549027
3986,ENSG00000136243,5.460751485579111
3987,ENSG00000136247,6.330903674545451
3988,ENSG00000136261,6.261513186674044
3989,ENSG00000136270,4.881964505766572
3990,ENSG00000136271,5.394790951996655
3991,ENSG00000136273,4.679642929910229
3992,ENSG00000136279,6.375220043384566
3993,ENSG00000136280,5.822461813510055
3994,ENSG00000136319,6.167326219669749
3995,ENSG00000136371,6.0695915665146405
3996,ENSG00000136381,5.609919893194518
3997,ENSG00000136383,3.9154549495999245
3998,ENSG00000136404,6.848521705075296
3999,ENSG00000136436,6.65236579372972
4000,ENSG00000136444,7.082986548905205
4001,ENSG00000136448,4.706953536563745
4002,ENSG00000136450,5.564860185647032
4003,ENSG00000136451,4.974528279575466
4004,ENSG00000136463,5.298255941713915
4005,ENSG00000136478,5.42000935228845
4006,ENSG00000136485,5.687642386156028
4007,ENSG00000136492,5.537575643766408
4008,ENSG00000136504,4.954564417192786
4009,ENSG00000136518,5.527002768302268
4010,ENSG00000136521,6.966650011318934
4011,ENSG00000136522,5.649959867856057
4012,ENSG00000136527,5.219923837967175
4013,ENSG00000136536,5.7047340877999275
4014,ENSG00000136542,5.305324093217237
4015,ENSG00000136560,5.450852583589329
4016,ENSG00000136603,4.554644297725378
4017,ENSG00000136628,6.95407111382341
4018,ENSG00000136631,5.675954569769395
4019,ENSG00000136636,6.45676173405248
4020,ENSG00000136643,5.586557936705485
4021,ENSG00000136682,5.780802645045531
4022,ENSG00000136699,6.033420958103849
4023,ENSG00000136709,4.985638743972494
4024,ENSG00000136715,4.94863896244102
4025,ENSG00000136718,6.015026834598626
4026,ENSG00000136731,5.749333659665085
4027,ENSG00000136732,6.879711762021734
4028,ENSG00000136738,5.407198283120269
4029,ENSG00000136754,5.9483716159734366
4030,ENSG00000136758,5.838282305008771
4031,ENSG00000136770,6.0572132621400385
4032,ENSG00000136783,7.19684238344089
4033,ENSG00000136802,4.764877637637418
4034,ENSG00000136807,4.888491514181636
4035,ENSG00000136810,6.4677229355315315
4036,ENSG00000136811,6.685090839323848
4037,ENSG00000136813,5.820925055035924
4038,ENSG00000136816,5.917900353234831
4039,ENSG00000136819,5.618734197679105
4040,ENSG00000136824,5.896857400355244
4041,ENSG00000136826,4.650494377901403
4042,ENSG00000136827,5.090315220029678
4043,ENSG00000136842,5.491991404708513
4044,ENSG00000136854,7.069900018376044
4045,ENSG00000136861,5.241711178771345
4046,ENSG00000136868,6.474753399167427
4047,ENSG00000136870,3.9305725433427035
4048,ENSG00000136874,6.497803574146506
4049,ENSG00000136875,4.921074233584667
4050,ENSG00000136877,5.906940966140051
4051,ENSG00000136878,5.195593945050492
4052,ENSG00000136888,5.388834493335933
4053,ENSG00000136891,5.264492471796363
4054,ENSG00000136897,5.057962895708769
4055,ENSG00000136908,6.821881102604169
4056,ENSG00000136925,5.533916885476142
4057,ENSG00000136929,5.374908138411175
4058,ENSG00000136930,6.354179580746332
4059,ENSG00000136932,4.409854654263339
4060,ENSG00000136933,6.625499886326007
4061,ENSG00000136935,4.891440462070099
4062,ENSG00000136936,6.026067157862657
4063,ENSG00000136937,5.38635474577617
4064,ENSG00000136938,6.5677173065564
4065,ENSG00000136940,4.8708942997571025
4066,ENSG00000136942,6.324675074620814
4067,ENSG00000136943,6.393005590186562
4068,ENSG00000136950,5.415650228084076
4069,ENSG00000136982,6.671666398851843
4070,ENSG00000136986,5.784560943117666
4071,ENSG00000136997,4.680950269482845
4072,ENSG00000137038,6.997007585645901
4073,ENSG00000137054,6.157587131167977
4074,ENSG00000137055,5.521382974595773
4075,ENSG00000137070,6.6919171528270915
4076,ENSG00000137073,4.790235286404075
4077,ENSG00000137075,4.712630372119744
4078,ENSG00000137076,6.4708347002446045
4079,ENSG00000137100,7.121645159757449
4080,ENSG00000137106,7.132681042674027
4081,ENSG00000137124,5.883976481206059
4082,ENSG00000137133,6.713130304701172
4083,ENSG00000137135,6.22885721828361
4084,ENSG00000137145,5.427196598563129
4085,ENSG00000137154,6.684587071176751
4086,ENSG00000137161,5.912903330705194
4087,ENSG00000137166,5.790550904843825
4088,ENSG00000137168,6.01325487134783
4089,ENSG00000137171,6.826478473615788
4090,ENSG00000137177,5.481157259177205
4091,ENSG00000137185,4.424604447092126
4092,ENSG00000137193,5.791928628882355
4093,ENSG00000137198,5.737956729423527
4094,ENSG00000137200,6.391081295721733
4095,ENSG00000137207,5.943553789027254
4096,ENSG00000137210,7.036718992348136
4097,ENSG00000137216,6.333486966274949
4098,ENSG00000137218,4.831011781529254
4099,ENSG00000137221,5.436868255694372
4100,ENSG00000137266,5.488236925178278
4101,ENSG00000137267,5.6506267959015375
4102,ENSG00000137275,4.778445244730206
4103,ENSG00000137288,6.238082241110904
4104,ENSG00000137309,6.802750252132439
4105,ENSG00000137310,8.036747488284503
4106,ENSG00000137312,6.625124174469163
4107,ENSG00000137331,4.043596677367631
4108,ENSG00000137337,5.940663873724594
4109,ENSG00000137338,5.138300141592412
4110,ENSG00000137343,4.761827201815027
4111,ENSG00000137364,7.045411768788956
4112,ENSG00000137409,6.4195062325579535
4113,ENSG00000137411,5.828744620511141
4114,ENSG00000137413,5.208967225769356
4115,ENSG00000137414,6.158255362088763
4116,ENSG00000137460,3.798720989229867
4117,ENSG00000137478,5.460080032363105
4118,ENSG00000137486,6.33945650355711
4119,ENSG00000137491,5.928623799270286
4120,ENSG00000137492,5.639658314195702
4121,ENSG00000137494,6.476445167675638
4122,ENSG00000137496,6.140191075232776
4123,ENSG00000137497,5.629423092041462
4124,ENSG00000137500,6.305942735909438
4125,ENSG00000137502,4.658891252032898
4126,ENSG00000137504,5.191126660410269
4127,ENSG00000137509,7.564633799305842
4128,ENSG00000137513,6.419664431127603
4129,ENSG00000137522,5.331665219536276
4130,ENSG00000137547,5.6063003700341865
4131,ENSG00000137563,7.117384226128673
4132,ENSG00000137574,4.975752823334937
4133,ENSG00000137575,6.163154392865578
4134,ENSG00000137601,4.8622164039860865
4135,ENSG00000137648,6.404172515248179
4136,ENSG00000137656,4.994045793277964
4137,ENSG00000137692,6.3360655319716885
4138,ENSG00000137700,7.001379741485593
4139,ENSG00000137710,6.104220385229518
4140,ENSG00000137713,6.185974954808345
4141,ENSG00000137714,6.431292507399894
4142,ENSG00000137720,6.42216730214861
4143,ENSG00000137760,5.072977638053167
4144,ENSG00000137764,5.556628819219996
4145,ENSG00000137770,4.862196967174099
4146,ENSG00000137776,5.474184393580998
4147,ENSG00000137801,3.856664323846388
4148,ENSG00000137802,5.021873283853458
4149,ENSG00000137804,5.228025236211911
4150,ENSG00000137807,5.39799882502377
4151,ENSG00000137812,5.64121350231343
4152,ENSG00000137814,5.458843389143743
4153,ENSG00000137815,5.456140218499944
4154,ENSG00000137817,5.733515782980667
4155,ENSG00000137818,6.302275788990752
4156,ENSG00000137822,6.157761635203414
4157,ENSG00000137824,6.479430062500351
4158,ENSG00000137834,4.926418237790865
4159,ENSG00000137842,5.683713679247058
4160,ENSG00000137845,6.268168431541658
4161,ENSG00000137871,5.250030248861303
4162,ENSG00000137876,5.990051363337011
4163,ENSG00000137878,5.263706853525895
4164,ENSG00000137942,5.20679919366016
4165,ENSG00000137944,6.24482985296889
4166,ENSG00000137947,5.040709382910208
4167,ENSG00000137955,5.006168105000354
4168,ENSG00000137992,5.578161691493986
4169,ENSG00000137996,5.935089954476395
4170,ENSG00000138018,6.030676910987367
4171,ENSG00000138029,6.471441967049452
4172,ENSG00000138032,5.9337330850754
4173,ENSG00000138035,6.519514462668766
4174,ENSG00000138036,7.035666999993429
4175,ENSG00000138050,5.650193946248668
4176,ENSG00000138069,5.818692475166369
4177,ENSG00000138071,6.974833413301893
4178,ENSG00000138073,6.717826420234759
4179,ENSG00000138074,6.234768567386514
4180,ENSG00000138078,7.182375603776887
4181,ENSG00000138081,5.466573916398354
4182,ENSG00000138085,6.204721842990307
4183,ENSG00000138092,4.945264533320423
4184,ENSG00000138095,5.705031210370613
4185,ENSG00000138107,5.978540893957599
4186,ENSG00000138138,5.984134842629662
4187,ENSG00000138160,5.354532116034858
4188,ENSG00000138161,4.9907913623014615
4189,ENSG00000138166,4.944135698125435
4190,ENSG00000138175,6.453973933629932
4191,ENSG00000138180,5.95188906434982
4192,ENSG00000138182,5.285857165324189
4193,ENSG00000138185,5.373057641741844
4194,ENSG00000138190,5.566763594829363
4195,ENSG00000138231,5.419359543838136
4196,ENSG00000138246,5.844076396478045
4197,ENSG00000138279,6.015371251447608
4198,ENSG00000138303,5.412928485183908
4199,ENSG00000138316,6.794268368431586
4200,ENSG00000138326,6.280570770942164
4201,ENSG00000138336,5.433199350633151
4202,ENSG00000138346,5.383324165827897
4203,ENSG00000138363,6.719495148647551
4204,ENSG00000138375,6.457845225996111
4205,ENSG00000138376,5.13832020165555
4206,ENSG00000138381,5.045756511517
4207,ENSG00000138382,7.026865969761048
4208,ENSG00000138385,7.0349284501307885
4209,ENSG00000138386,5.931231851712798
4210,ENSG00000138398,5.8622642170111146
4211,ENSG00000138399,6.420493097185849
4212,ENSG00000138413,6.1875696737150125
4213,ENSG00000138430,7.500603987826454
4214,ENSG00000138433,5.682751309322393
4215,ENSG00000138434,5.209959000313831
4216,ENSG00000138439,5.356613743400455
4217,ENSG00000138442,6.457722268822905
4218,ENSG00000138443,6.207794897589918
4219,ENSG00000138448,5.236426444974133
4220,ENSG00000138449,5.112591746996945
4221,ENSG00000138459,5.858606871667448
4222,ENSG00000138468,7.336851798172567
4223,ENSG00000138495,6.263164589846387
4224,ENSG00000138592,5.126071520796737
4225,ENSG00000138593,5.485064889766149
4226,ENSG00000138594,5.961736456159239
4227,ENSG00000138600,5.821830735910446
4228,ENSG00000138604,5.46107697614896
4229,ENSG00000138606,4.264959326251275
4230,ENSG00000138613,6.649269488113756
4231,ENSG00000138614,5.426014999618391
4232,ENSG00000138617,6.326260336142238
4233,ENSG00000138621,6.53199174705695
4234,ENSG00000138623,5.291730330259509
4235,ENSG00000138629,7.024633325058145
4236,ENSG00000138640,5.459259645921638
4237,ENSG00000138641,6.139874706537922
4238,ENSG00000138658,4.999932920482261
4239,ENSG00000138660,5.656947653669489
4240,ENSG00000138663,6.1218655850867165
4241,ENSG00000138668,6.0265477159541065
4242,ENSG00000138674,5.76193988989368
4243,ENSG00000138678,6.7744044057907224
4244,ENSG00000138688,5.701979372418722
4245,ENSG00000138698,6.282194313737072
4246,ENSG00000138709,5.6073195270060365
4247,ENSG00000138744,5.541045153211398
4248,ENSG00000138750,5.741589448894633
4249,ENSG00000138756,6.366618702009616
4250,ENSG00000138757,5.948187884551856
4251,ENSG00000138758,7.194335536822391
4252,ENSG00000138760,5.816202698251154
4253,ENSG00000138764,4.5064885809640005
4254,ENSG00000138767,5.336824236542607
4255,ENSG00000138768,6.604251119253331
4256,ENSG00000138777,7.021119932714759
4257,ENSG00000138778,5.380734495124759
4258,ENSG00000138780,6.481509282331525
4259,ENSG00000138785,5.843066218098775
4260,ENSG00000138794,5.731640909232103
4261,ENSG00000138795,6.479235926244166
4262,ENSG00000138796,8.241795385790084
4263,ENSG00000138798,5.61542595191632
4264,ENSG00000138801,6.869106508114603
4265,ENSG00000138802,5.696990362738597
4266,ENSG00000138814,5.849640314728339
4267,ENSG00000138821,5.47261678894652
4268,ENSG00000138834,5.7912809683043704
4269,ENSG00000138867,5.472450133141661
4270,ENSG00000138942,5.165677177312221
4271,ENSG00000139083,4.979616001197389
4272,ENSG00000139112,5.69469552261938
4273,ENSG00000139116,5.787993068903272
4274,ENSG00000139117,5.825047298369576
4275,ENSG00000139131,5.156365370580892
4276,ENSG00000139132,4.596498904164359
4277,ENSG00000139133,7.068453396018523
4278,ENSG00000139146,5.474081427501952
4279,ENSG00000139154,5.310477362226614
4280,ENSG00000139168,7.1455167760070495
4281,ENSG00000139178,7.6898231195443305
4282,ENSG00000139180,6.171484656076025
4283,ENSG00000139182,6.746002585763912
4284,ENSG00000139190,4.792935397762387
4285,ENSG00000139194,7.035721673930708
4286,ENSG00000139197,6.859028034540379
4287,ENSG00000139211,6.82369878424269
4288,ENSG00000139218,5.62385506276433
4289,ENSG00000139233,5.183287772187791
4290,ENSG00000139269,5.212139426983279
4291,ENSG00000139278,5.278105188939532
4292,ENSG00000139289,4.248206719123125
4293,ENSG00000139291,5.381856936358934
4294,ENSG00000139323,7.749842808413548
4295,ENSG00000139324,6.205501983370626
4296,ENSG00000139343,5.9965489902055875
4297,ENSG00000139350,6.4919250106440005
4298,ENSG00000139354,6.4053227478396115
4299,ENSG00000139370,5.233118053672795
4300,ENSG00000139372,5.427937150185226
4301,ENSG00000139405,5.0859424027964915
4302,ENSG00000139428,6.551621311133367
4303,ENSG00000139436,5.418376104314843
4304,ENSG00000139437,5.856048380083185
4305,ENSG00000139438,3.0173921823443552
4306,ENSG00000139496,5.878579765228741
4307,ENSG00000139505,5.370060754953152
4308,ENSG00000139514,5.7258805751691595
4309,ENSG00000139517,5.037858470138048
4310,ENSG00000139546,5.68082671247139
4311,ENSG00000139574,4.248907694533097
4312,ENSG00000139579,6.541245490677923
4313,ENSG00000139613,6.183809862385604
4314,ENSG00000139618,4.8098515109895255
4315,ENSG00000139620,4.012533988336898
4316,ENSG00000139624,6.124551770810362
4317,ENSG00000139629,6.089385547144326
4318,ENSG00000139636,6.256085358771053
4319,ENSG00000139637,4.336293613278695
4320,ENSG00000139641,6.031713791918619
4321,ENSG00000139644,5.8266639600946375
4322,ENSG00000139645,6.004357463637568
4323,ENSG00000139651,4.749874608234689
4324,ENSG00000139668,5.2047435581261166
4325,ENSG00000139684,7.226057473966749
4326,ENSG00000139687,5.610481443972353
4327,ENSG00000139697,5.2508613498362795
4328,ENSG00000139718,4.877400244332417
4329,ENSG00000139719,6.148319054769542
4330,ENSG00000139722,4.863710086123084
4331,ENSG00000139725,4.818543384096787
4332,ENSG00000139726,6.107071917629332
4333,ENSG00000139734,5.308890039005732
4334,ENSG00000139746,5.513452145161034
4335,ENSG00000139793,5.149746055541294
4336,ENSG00000139800,3.9579196137246218
4337,ENSG00000139842,6.580381545069406
4338,ENSG00000139880,6.366462724911246
4339,ENSG00000139921,6.303696401559477
4340,ENSG00000139946,4.336812888390293
4341,ENSG00000139974,4.684709321645689
4342,ENSG00000139977,5.471755267612916
4343,ENSG00000139990,5.646144539621606
4344,ENSG00000140022,4.708061269123276
4345,ENSG00000140043,7.444812054499775
4346,ENSG00000140044,5.06828536528168
4347,ENSG00000140105,7.172994606953177
4348,ENSG00000140153,4.7282241753523975
4349,ENSG00000140157,6.108383176327504
4350,ENSG00000140199,5.963256860898318
4351,ENSG00000140259,4.755117474884478
4352,ENSG00000140262,5.5834270827878045
4353,ENSG00000140263,6.599062743853167
4354,ENSG00000140264,5.801127430150858
4355,ENSG00000140265,4.759373392246809
4356,ENSG00000140284,6.655997090867595
4357,ENSG00000140299,5.033293116769763
4358,ENSG00000140307,6.117876585449442
4359,ENSG00000140319,5.822344489780665
4360,ENSG00000140320,5.300513418220958
4361,ENSG00000140326,5.941072728239305
4362,ENSG00000140332,5.501478932950303
4363,ENSG00000140350,7.090447388013181
4364,ENSG00000140365,6.892519322173746
4365,ENSG00000140367,5.6788244782049375
4366,ENSG00000140374,6.541512622221974
4367,ENSG00000140382,5.762439358429698
4368,ENSG00000140391,6.763715951757699
4369,ENSG00000140395,6.857466714433769
4370,ENSG00000140396,5.182074491319207
4371,ENSG00000140400,6.432734769961103
4372,ENSG00000140443,5.39845228511899
4373,ENSG00000140450,4.374377048766481
4374,ENSG00000140451,5.233375118707241
4375,ENSG00000140455,6.175083300424875
4376,ENSG00000140463,7.106224888956881
4377,ENSG00000140464,6.295918813239373
4378,ENSG00000140465,3.9969168530241084
4379,ENSG00000140471,5.201053097427476
4380,ENSG00000140474,6.349410489499161
4381,ENSG00000140479,5.261037976258726
4382,ENSG00000140497,5.673651173129179
4383,ENSG00000140521,5.132117242051931
4384,ENSG00000140525,6.227259214067248
4385,ENSG00000140526,6.137492375541504
4386,ENSG00000140534,4.661126816781129
4387,ENSG00000140545,7.3933865530941505
4388,ENSG00000140553,6.3255465156520865
4389,ENSG00000140564,5.226037578477345
4390,ENSG00000140575,5.9399636318337175
4391,ENSG00000140577,5.525506530850539
4392,ENSG00000140598,5.613869398796146
4393,ENSG00000140612,6.679463212539643
4394,ENSG00000140632,5.767301735139862
4395,ENSG00000140688,6.407820590318789
4396,ENSG00000140691,4.248597286200544
4397,ENSG00000140694,4.2558158524007075
4398,ENSG00000140718,6.331951901792342
4399,ENSG00000140740,6.686379981990124
4400,ENSG00000140743,5.136376035096831
4401,ENSG00000140750,6.025275393483391
4402,ENSG00000140795,7.252890540750152
4403,ENSG00000140829,5.588876173740737
4404,ENSG00000140830,5.625549261937442
4405,ENSG00000140848,6.846032789432294
4406,ENSG00000140931,5.513986055093032
4407,ENSG00000140941,5.806790164798283
4408,ENSG00000140943,5.335965229192963
4409,ENSG00000140948,5.13241971979697
4410,ENSG00000140983,6.623015299945296
4411,ENSG00000140987,4.819547689181193
4412,ENSG00000140988,7.320526340369455
4413,ENSG00000140990,6.851808166459107
4414,ENSG00000140992,4.9961125353425935
4415,ENSG00000140993,7.291586241282671
4416,ENSG00000140995,6.733343468809835
4417,ENSG00000141002,5.221957996755008
4418,ENSG00000141012,5.388316998727727
4419,ENSG00000141013,5.689138453944756
4420,ENSG00000141026,4.12127841328483
4421,ENSG00000141027,5.46596520648864
4422,ENSG00000141030,5.608511988494968
4423,ENSG00000141068,6.540169463351445
4424,ENSG00000141076,5.451169582511556
4425,ENSG00000141084,5.390652547337871
4426,ENSG00000141086,4.601762690759586
4427,ENSG00000141101,5.797288559951832
4428,ENSG00000141179,7.041552187120648
4429,ENSG00000141198,7.611749597179902
4430,ENSG00000141219,4.940073573653522
4431,ENSG00000141252,3.9403015240676234
4432,ENSG00000141279,5.68791137641676
4433,ENSG00000141295,6.566806771943183
4434,ENSG00000141298,6.596108873329895
4435,ENSG00000141349,6.978942358681787
4436,ENSG00000141367,5.934674964437286
4437,ENSG00000141378,5.152343082931094
4438,ENSG00000141380,5.663969310495494
4439,ENSG00000141384,4.757944766403319
4440,ENSG00000141385,5.663985281106123
4441,ENSG00000141391,5.272756682364495
4442,ENSG00000141424,5.53733707880291
4443,ENSG00000141425,5.823418310198307
4444,ENSG00000141428,5.028051932193421
4445,ENSG00000141429,5.889108155264232
4446,ENSG00000141446,5.0204979249573904
4447,ENSG00000141448,3.514318904776065
4448,ENSG00000141452,4.980180307259987
4449,ENSG00000141456,6.173592109728573
4450,ENSG00000141480,7.508746652958907
4451,ENSG00000141499,5.706837087620658
4452,ENSG00000141503,6.66314210030828
4453,ENSG00000141504,6.494633640734619
4454,ENSG00000141510,4.17476011838085
4455,ENSG00000141522,6.431283246472174
4456,ENSG00000141524,6.949672955133228
4457,ENSG00000141543,5.28121612090041
4458,ENSG00000141551,5.0963800396144325
4459,ENSG00000141552,6.387944173347054
4460,ENSG00000141556,6.562058180622898
4461,ENSG00000141560,5.831391843920445
4462,ENSG00000141562,5.8522567985934595
4463,ENSG00000141564,4.58064852328163
4464,ENSG00000141568,5.967267688455809
4465,ENSG00000141569,6.37497827727148
4466,ENSG00000141570,4.513844101247268
4467,ENSG00000141577,7.041205672662824
4468,ENSG00000141580,5.214667081156748
4469,ENSG00000141582,5.00991091790913
4470,ENSG00000141627,5.940037674297492
4471,ENSG00000141644,5.5586634268789465
4472,ENSG00000141646,5.2404679543625035
4473,ENSG00000141664,5.213904593629966
4474,ENSG00000141698,7.568771905755333
4475,ENSG00000141699,5.785930113559113
4476,ENSG00000141736,4.960920409999304
4477,ENSG00000141741,6.972729990070819
4478,ENSG00000141744,5.933453395654023
4479,ENSG00000141759,6.563796587243043
4480,ENSG00000141858,5.105195302104539
4481,ENSG00000141867,5.612342586006677
4482,ENSG00000141873,5.822987177046211
4483,ENSG00000141905,5.21728656779858
4484,ENSG00000141934,3.514676244412078
4485,ENSG00000141956,5.219341312653492
4486,ENSG00000141959,6.9102841760949305
4487,ENSG00000141968,6.9222144652705975
4488,ENSG00000141971,9.207385223098296
4489,ENSG00000141979,4.322067003478968
4490,ENSG00000141985,5.257732845954153
4491,ENSG00000141994,4.901722507445922
4492,ENSG00000142002,5.343673020520907
4493,ENSG00000142039,4.671912515879926
4494,ENSG00000142082,6.8235315338813525
4495,ENSG00000142102,7.603843507125087
4496,ENSG00000142166,6.312699849025638
4497,ENSG00000142168,6.543403324473889
4498,ENSG00000142186,6.182991237549026
4499,ENSG00000142188,6.156152800465358
4500,ENSG00000142197,5.5590866867021775
4501,ENSG00000142207,5.271367587943472
4502,ENSG00000142208,7.156780491147071
4503,ENSG00000142227,5.994927939739575
4504,ENSG00000142230,6.260541020555448
4505,ENSG00000142252,5.410965437325282
4506,ENSG00000142327,6.370315578155028
4507,ENSG00000142330,6.5840557505679085
4508,ENSG00000142347,6.130835657274889
4509,ENSG00000142396,4.761420001852442
4510,ENSG00000142409,5.393287129926928
4511,ENSG00000142453,6.602805094950896
4512,ENSG00000142507,6.454638496521761
4513,ENSG00000142528,4.855536344354839
4514,ENSG00000142534,6.571766236617693
4515,ENSG00000142539,6.560439885227911
4516,ENSG00000142541,6.661925114275689
4517,ENSG00000142546,6.114204931273068
4518,ENSG00000142556,4.520272788695459
4519,ENSG00000142599,5.3299620225382665
4520,ENSG00000142621,5.779153734530519
4521,ENSG00000142634,5.985590063908301
4522,ENSG00000142655,6.144061144408807
4523,ENSG00000142657,6.39224409408409
4524,ENSG00000142669,6.114529535587564
4525,ENSG00000142676,6.453842221732543
4526,ENSG00000142684,5.554266276081168
4527,ENSG00000142686,4.723832838560895
4528,ENSG00000142687,6.9898269352949916
4529,ENSG00000142731,5.021391377403624
4530,ENSG00000142751,4.9878728838662765
4531,ENSG00000142784,6.413061407008409
4532,ENSG00000142798,7.054331395758901
4533,ENSG00000142856,6.987647594191318
4534,ENSG00000142864,6.352213732326949
4535,ENSG00000142867,4.899611719888323
4536,ENSG00000142871,4.704146489677422
4537,ENSG00000142875,5.864795125383438
4538,ENSG00000142910,4.731424838884654
4539,ENSG00000142937,7.231893360959151
4540,ENSG00000142945,5.601345852960646
4541,ENSG00000142949,6.841706922443054
4542,ENSG00000142961,5.852148207559063
4543,ENSG00000143013,4.956999270628735
4544,ENSG00000143033,5.778642499268466
4545,ENSG00000143093,4.923915656951924
4546,ENSG00000143106,6.4712450738990634
4547,ENSG00000143107,3.7093320353333894
4548,ENSG00000143110,4.607038911992881
4549,ENSG00000143119,7.64180582044265
4550,ENSG00000143126,6.902393674017378
4551,ENSG00000143149,5.729054149213839
4552,ENSG00000143155,6.433347102333668
4553,ENSG00000143156,5.280484304279618
4554,ENSG00000143157,5.3852545589319405
4555,ENSG00000143158,6.801388747512595
4556,ENSG00000143162,6.516392375675953
4557,ENSG00000143164,5.086157310134496
4558,ENSG00000143179,6.025559336345401
4559,ENSG00000143183,5.847215936004502
4560,ENSG00000143190,5.385603260696574
4561,ENSG00000143198,6.973843871445139
4562,ENSG00000143207,5.504520702264464
4563,ENSG00000143222,6.300929623316896
4564,ENSG00000143224,6.519950733415297
4565,ENSG00000143226,7.906726859146818
4566,ENSG00000143228,6.426985848425048
4567,ENSG00000143248,4.277486604914478
4568,ENSG00000143252,6.103405932392869
4569,ENSG00000143256,6.061338500104869
4570,ENSG00000143258,5.758542286524984
4571,ENSG00000143294,6.586951256005748
4572,ENSG00000143303,5.821234471381661
4573,ENSG00000143314,7.02433380141356
4574,ENSG00000143319,4.919709531092161
4575,ENSG00000143320,3.851752759616108
4576,ENSG00000143321,6.017452335591215
4577,ENSG00000143322,5.08704170138962
4578,ENSG00000143324,6.302734111076161
4579,ENSG00000143337,5.451458643932676
4580,ENSG00000143353,5.9185616391568585
4581,ENSG00000143367,5.147918034193197
4582,ENSG00000143368,5.321682245584257
4583,ENSG00000143369,6.833860067756224
4584,ENSG00000143373,4.8761256867426175
4585,ENSG00000143374,5.312305544077075
4586,ENSG00000143376,5.830439505146075
4587,ENSG00000143379,5.149118302553851
4588,ENSG00000143382,7.030225437988233
4589,ENSG00000143384,5.085340476790518
4590,ENSG00000143387,5.03255992743916
4591,ENSG00000143390,5.9165308402059145
4592,ENSG00000143393,5.5229757127497265
4593,ENSG00000143398,5.737111993128611
4594,ENSG00000143401,6.2751408678991325
4595,ENSG00000143416,7.615688380913561
4596,ENSG00000143418,6.214334094443298
4597,ENSG00000143420,6.262311838844932
4598,ENSG00000143429,6.4139840803887225
4599,ENSG00000143436,6.352279630984275
4600,ENSG00000143437,6.373934892377652
4601,ENSG00000143442,5.193407766613072
4602,ENSG00000143457,5.578304055279308
4603,ENSG00000143458,5.745341850514821
4604,ENSG00000143476,5.268393280084481
4605,ENSG00000143479,5.474089195252393
4606,ENSG00000143486,7.046621773608669
4607,ENSG00000143493,5.227089352587477
4608,ENSG00000143498,5.116931573370162
4609,ENSG00000143499,6.26253958461977
4610,ENSG00000143507,4.347818469836609
4611,ENSG00000143514,5.472888549113195
4612,ENSG00000143515,6.08857730614001
4613,ENSG00000143537,7.7238906480213405
4614,ENSG00000143543,6.455356982126848
4615,ENSG00000143545,7.286578461937959
4616,ENSG00000143549,6.372966051837991
4617,ENSG00000143553,5.482282380346641
4618,ENSG00000143554,4.1090304784851845
4619,ENSG00000143569,5.612139111833246
4620,ENSG00000143570,6.081776220730228
4621,ENSG00000143575,7.054088966153645
4622,ENSG00000143578,6.20481655906992
4623,ENSG00000143590,5.360886409022901
4624,ENSG00000143595,5.417018408034961
4625,ENSG00000143612,6.027481144837954
4626,ENSG00000143614,5.373721043025485
4627,ENSG00000143621,6.093958212080826
4628,ENSG00000143622,5.333878228466502
4629,ENSG00000143624,6.152547571664036
4630,ENSG00000143627,7.779150517584373
4631,ENSG00000143632,4.160365234205719
4632,ENSG00000143633,5.354068849188545
4633,ENSG00000143641,6.303058566451817
4634,ENSG00000143653,7.095087968452679
4635,ENSG00000143702,6.107455231432086
4636,ENSG00000143727,6.377107287179799
4637,ENSG00000143740,5.757652916910767
4638,ENSG00000143742,6.463883584524902
4639,ENSG00000143748,5.123072496098717
4640,ENSG00000143751,4.545993874604611
4641,ENSG00000143753,5.528880709145135
4642,ENSG00000143756,4.710162844849924
4643,ENSG00000143761,6.051976547792597
4644,ENSG00000143771,6.855565787245321
4645,ENSG00000143774,7.205125539814627
4646,ENSG00000143776,5.593336896899139
4647,ENSG00000143793,6.039220884550455
4648,ENSG00000143799,6.63602965655516
4649,ENSG00000143801,5.981911985766371
4650,ENSG00000143811,6.715702969646997
4651,ENSG00000143815,6.305919885220714
4652,ENSG00000143819,5.6613798207011
4653,ENSG00000143842,5.8542566608352855
4654,ENSG00000143850,4.489233365222589
4655,ENSG00000143851,6.003501692547257
4656,ENSG00000143862,5.436488274473804
4657,ENSG00000143870,7.096386542706577
4658,ENSG00000143889,5.126392930351743
4659,ENSG00000143891,6.573754476182977
4660,ENSG00000143919,7.081509023411089
4661,ENSG00000143924,5.956861293547086
4662,ENSG00000143933,5.749424053660773
4663,ENSG00000143942,5.629792703132256
4664,ENSG00000143947,6.476260605700483
4665,ENSG00000143951,6.573904013596812
4666,ENSG00000143952,6.144037077567785
4667,ENSG00000143970,4.999797220374679
4668,ENSG00000143971,5.154124310907017
4669,ENSG00000143977,5.516220371364838
4670,ENSG00000144021,6.226585544078026
4671,ENSG00000144028,5.999553724447575
4672,ENSG00000144029,5.966664076500829
4673,ENSG00000144034,6.499528882549952
4674,ENSG00000144040,4.863636801522379
4675,ENSG00000144043,5.479330452998487
4676,ENSG00000144048,5.337814800485123
4677,ENSG00000144118,6.305418820371208
4678,ENSG00000144134,5.90165927944377
4679,ENSG00000144136,5.748825357059129
4680,ENSG00000144161,6.0364019291204105
4681,ENSG00000144182,4.934462905111437
4682,ENSG00000144199,8.29325020643972
4683,ENSG00000144214,4.448529847138664
4684,ENSG00000144224,5.615128021144949
4685,ENSG00000144228,4.772422850888972
4686,ENSG00000144231,5.197813577413578
4687,ENSG00000144233,4.851195234660792
4688,ENSG00000144283,6.5977797706263965
4689,ENSG00000144306,6.670198599756586
4690,ENSG00000144320,6.48808816377041
4691,ENSG00000144354,5.940273740944582
4692,ENSG00000144357,4.408197444074082
4693,ENSG00000144362,5.956238839467293
4694,ENSG00000144366,5.136027313863942
4695,ENSG00000144381,6.933722982216248
4696,ENSG00000144395,5.569945379525665
4697,ENSG00000144401,6.218411687262067
4698,ENSG00000144407,6.071246788093468
4699,ENSG00000144426,5.412507216307112
4700,ENSG00000144455,4.714097027446386
4701,ENSG00000144468,5.956207789405567
4702,ENSG00000144485,7.085944309763483
4703,ENSG00000144504,4.502514510512594
4704,ENSG00000144524,6.09622608786003
4705,ENSG00000144554,5.551186000676314
4706,ENSG00000144559,4.989440530443441
4707,ENSG00000144566,5.20067581958314
4708,ENSG00000144567,5.500475405889369
4709,ENSG00000144579,4.753748685423494
4710,ENSG00000144580,5.690020869796034
4711,ENSG00000144589,6.357494549653308
4712,ENSG00000144591,7.166630471701309
4713,ENSG00000144597,4.538182557796671
4714,ENSG00000144635,5.900517158751608
4715,ENSG00000144655,4.054477324641223
4716,ENSG00000144659,5.6836896676043
4717,ENSG00000144668,3.14211396786617
4718,ENSG00000144674,5.352313973766548
4719,ENSG00000144711,5.850694839221256
4720,ENSG00000144712,6.306860338966506
4721,ENSG00000144713,6.598950071665743
4722,ENSG00000144736,5.515904080030359
4723,ENSG00000144741,5.406113899707228
4724,ENSG00000144744,6.38784606002548
4725,ENSG00000144747,5.764738664963341
4726,ENSG00000144785,5.9171522511360415
4727,ENSG00000144791,5.673331094224243
4728,ENSG00000144802,3.9693823537301864
4729,ENSG00000144821,3.711225277470844
4730,ENSG00000144840,5.7315143400232165
4731,ENSG00000144848,6.210434157373076
4732,ENSG00000144867,6.264848485291386
4733,ENSG00000144895,6.270506496860834
4734,ENSG00000144909,5.054005496718101
4735,ENSG00000145014,5.0638112221957545
4736,ENSG00000145016,6.158444592932872
4737,ENSG00000145022,5.268647383633278
4738,ENSG00000145041,4.699333249558539
4739,ENSG00000145050,6.117367775411623
4740,ENSG00000145107,5.575746119748959
4741,ENSG00000145113,6.718977104987141
4742,ENSG00000145191,5.83941615243014
4743,ENSG00000145194,5.27681513749527
4744,ENSG00000145214,6.076766095054267
4745,ENSG00000145216,6.005806491705901
4746,ENSG00000145220,6.135300063139196
4747,ENSG00000145241,5.095914837652006
4748,ENSG00000145244,4.484205218678735
4749,ENSG00000145248,5.336959513346544
4750,ENSG00000145293,6.154607205553229
4751,ENSG00000145332,6.469991496739838
4752,ENSG00000145337,5.448686098200238
4753,ENSG00000145348,5.550431416846715
4754,ENSG00000145354,5.9894830051632395
4755,ENSG00000145375,5.401034292693527
4756,ENSG00000145386,5.489412599628368
4757,ENSG00000145388,5.2440282989574705
4758,ENSG00000145390,5.097978136685478
4759,ENSG00000145391,5.84670210257362
4760,ENSG00000145414,5.9635982539514725
4761,ENSG00000145425,6.931166874585129
4762,ENSG00000145431,6.380604396687695
4763,ENSG00000145439,6.680257463664145
4764,ENSG00000145476,6.136520255546728
4765,ENSG00000145491,3.483899722823809
4766,ENSG00000145494,6.314343947227377
4767,ENSG00000145495,5.850874670747631
4768,ENSG00000145545,5.49760143973132
4769,ENSG00000145592,6.473257499854208
4770,ENSG00000145604,6.438545349560408
4771,ENSG00000145632,4.774624649684034
4772,ENSG00000145675,5.005779088802849
4773,ENSG00000145703,6.185344024430673
4774,ENSG00000145715,5.898292040913261
4775,ENSG00000145734,5.10527000541949
4776,ENSG00000145740,5.89758866093799
4777,ENSG00000145741,6.508104634956614
4778,ENSG00000145779,5.266666364570748
4779,ENSG00000145780,5.237716958492826
4780,ENSG00000145781,5.534220086247545
4781,ENSG00000145782,5.816038776996803
4782,ENSG00000145817,4.865751733724844
4783,ENSG00000145833,5.5111248276981994
4784,ENSG00000145860,5.301518581363496
4785,ENSG00000145868,4.058540076453026
4786,ENSG00000145882,9.379495357222035
4787,ENSG00000145901,5.610450916573285
4788,ENSG00000145907,5.494096584370397
4789,ENSG00000145911,4.626505760439224
4790,ENSG00000145912,6.633633306568354
4791,ENSG00000145916,6.189732196656606
4792,ENSG00000145919,5.091024842557147
4793,ENSG00000145979,6.167160345374741
4794,ENSG00000145996,4.750241297490134
4795,ENSG00000146007,5.5662997915005645
4796,ENSG00000146063,6.1960624740017725
4797,ENSG00000146066,6.767967182211512
4798,ENSG00000146067,5.226898907429282
4799,ENSG00000146072,5.947576781000947
4800,ENSG00000146083,6.030173604277414
4801,ENSG00000146085,6.3536309432171825
4802,ENSG00000146094,6.023503541797942
4803,ENSG00000146109,5.502550302888773
4804,ENSG00000146112,5.715741485278151
4805,ENSG00000146143,5.489163128583737
4806,ENSG00000146223,5.648391600444772
4807,ENSG00000146232,5.292094005167746
4808,ENSG00000146247,5.512563350354477
4809,ENSG00000146263,5.302702371605833
4810,ENSG00000146282,5.87810536507163
4811,ENSG00000146376,6.879281675329304
4812,ENSG00000146409,7.334140649903461
4813,ENSG00000146410,5.495567834893933
4814,ENSG00000146411,4.299660541516441
4815,ENSG00000146414,5.402946613766102
4816,ENSG00000146425,5.999267114895037
4817,ENSG00000146433,6.1620792914970055
4818,ENSG00000146457,5.175159177224936
4819,ENSG00000146463,5.886790884786232
4820,ENSG00000146476,5.733908637357778
4821,ENSG00000146530,6.338072441098034
4822,ENSG00000146535,6.405163376902676
4823,ENSG00000146540,5.488730720404875
4824,ENSG00000146556,4.640653867021417
4825,ENSG00000146574,6.176105223452146
4826,ENSG00000146576,5.236286691540939
4827,ENSG00000146587,4.830700043736196
4828,ENSG00000146670,5.453213623535269
4829,ENSG00000146701,6.944276643722145
4830,ENSG00000146707,4.6353439719248195
4831,ENSG00000146729,6.523233029707215
4832,ENSG00000146731,6.254958737377881
4833,ENSG00000146733,6.066788421640629
4834,ENSG00000146757,4.779523640507755
4835,ENSG00000146802,6.838223276109826
4836,ENSG00000146826,4.914743581443481
4837,ENSG00000146830,5.216428319842019
4838,ENSG00000146833,4.411363339912445
4839,ENSG00000146834,4.240550848517801
4840,ENSG00000146842,6.019138264080799
4841,ENSG00000146856,5.680835044274253
4842,ENSG00000146858,6.003411677518176
4843,ENSG00000146872,4.705771428246526
4844,ENSG00000146909,5.331669093682672
4845,ENSG00000146918,5.820203035576117
4846,ENSG00000146963,5.3508390888313375
4847,ENSG00000147050,4.979385781140382
4848,ENSG00000147065,6.871944733584938
4849,ENSG00000147099,5.892500560392194
4850,ENSG00000147118,5.051626363112738
4851,ENSG00000147123,6.2671441579663
4852,ENSG00000147124,4.785276616188673
4853,ENSG00000147130,6.116161938761919
4854,ENSG00000147140,6.675445626806112
4855,ENSG00000147155,7.072404701150591
4856,ENSG00000147162,6.106172836493911
4857,ENSG00000147164,6.012427969828388
4858,ENSG00000147166,4.004081139561346
4859,ENSG00000147168,7.978500318646654
4860,ENSG00000147174,4.860769167757779
4861,ENSG00000147224,6.6042321308379694
4862,ENSG00000147251,6.030777040738434
4863,ENSG00000147274,6.001361563152191
4864,ENSG00000147316,4.509485385068442
4865,ENSG00000147324,5.762157680087814
4866,ENSG00000147364,5.557033866516142
4867,ENSG00000147383,5.75379622576866
4868,ENSG00000147403,6.573458743029248
4869,ENSG00000147416,5.706563863406578
4870,ENSG00000147419,5.868147894092533
4871,ENSG00000147437,3.6513900897563807
4872,ENSG00000147439,4.9913265706995755
4873,ENSG00000147454,6.681339710979561
4874,ENSG00000147457,5.418520745512514
4875,ENSG00000147465,7.423651525039153
4876,ENSG00000147471,5.963020269223349
4877,ENSG00000147475,6.631856477943614
4878,ENSG00000147526,5.662639317422823
4879,ENSG00000147533,5.969030672770671
4880,ENSG00000147536,5.096569077994946
4881,ENSG00000147586,5.62181768837789
4882,ENSG00000147592,6.300603510700209
4883,ENSG00000147601,6.297642315607298
4884,ENSG00000147604,6.705978220187132
4885,ENSG00000147647,3.2888931948305635
4886,ENSG00000147649,6.176347909022897
4887,ENSG00000147650,5.360371335458084
4888,ENSG00000147654,6.3019349922695636
4889,ENSG00000147669,6.1499642943399655
4890,ENSG00000147677,7.040260364369265
4891,ENSG00000147679,4.887004634469944
4892,ENSG00000147684,5.911922088931965
4893,ENSG00000147689,6.781760699547721
4894,ENSG00000147789,4.968600832126816
4895,ENSG00000147804,6.86316484355059
4896,ENSG00000147813,7.9763489569972705
4897,ENSG00000147854,5.230326827526852
4898,ENSG00000147872,5.249831831501496
4899,ENSG00000147874,5.427475038544748
4900,ENSG00000147894,5.758186755467697
4901,ENSG00000147905,5.998628165549283
4902,ENSG00000147912,4.870800063809428
4903,ENSG00000148019,7.106870544225774
4904,ENSG00000148090,5.5079209343555995
4905,ENSG00000148110,6.169250326555549
4906,ENSG00000148153,5.0503213541090375
4907,ENSG00000148154,5.644339532651688
4908,ENSG00000148158,4.192371790267848
4909,ENSG00000148175,6.159310402686564
4910,ENSG00000148187,4.885466950807145
4911,ENSG00000148200,5.00076031772041
4912,ENSG00000148218,6.062113560426534
4913,ENSG00000148229,4.907445930875092
4914,ENSG00000148248,6.190608209059635
4915,ENSG00000148288,7.123229155968495
4916,ENSG00000148290,6.8375301176938725
4917,ENSG00000148291,5.995837965059949
4918,ENSG00000148296,5.591850193756775
4919,ENSG00000148297,5.538505877250159
4920,ENSG00000148300,5.50775606307535
4921,ENSG00000148303,7.007015436691032
4922,ENSG00000148308,5.891937963110096
4923,ENSG00000148331,5.461578023149253
4924,ENSG00000148334,6.057116994695018
4925,ENSG00000148335,6.20731681755832
4926,ENSG00000148337,6.578230579380944
4927,ENSG00000148339,4.306775556248718
4928,ENSG00000148341,7.671126145104998
4929,ENSG00000148343,5.272505505092991
4930,ENSG00000148356,6.163859395383279
4931,ENSG00000148358,5.745844434710272
4932,ENSG00000148362,7.378910226449505
4933,ENSG00000148384,6.22348700432783
4934,ENSG00000148396,5.529931044807579
4935,ENSG00000148399,5.792446101816939
4936,ENSG00000148429,5.171820913396606
4937,ENSG00000148444,6.562693761207081
4938,ENSG00000148459,4.58541371605588
4939,ENSG00000148468,5.899961104455739
4940,ENSG00000148481,5.972443929025996
4941,ENSG00000148483,3.8142580381220452
4942,ENSG00000148484,5.539261882473935
4943,ENSG00000148498,5.675643239753053
4944,ENSG00000148516,5.086109040932858
4945,ENSG00000148572,4.7809866113188075
4946,ENSG00000148606,5.12855890112725
4947,ENSG00000148634,5.838185939061454
4948,ENSG00000148660,5.801571472200596
4949,ENSG00000148672,7.080507820686278
4950,ENSG00000148688,5.929451151963617
4951,ENSG00000148690,7.392490946073622
4952,ENSG00000148700,6.811794904816876
4953,ENSG00000148719,4.7964472003035015
4954,ENSG00000148730,5.693053994300046
4955,ENSG00000148737,4.637977914832346
4956,ENSG00000148773,5.473027177266681
4957,ENSG00000148803,8.399358359635547
4958,ENSG00000148824,6.786722089680493
4959,ENSG00000148834,6.798675120688444
4960,ENSG00000148835,5.392435412891966
4961,ENSG00000148840,5.243239328500909
4962,ENSG00000148842,4.790981512045195
4963,ENSG00000148843,5.59929275363838
4964,ENSG00000148908,6.97776732669357
4965,ENSG00000148943,5.5554438495378315
4966,ENSG00000148950,5.207851372992273
4967,ENSG00000149016,5.754691082363869
4968,ENSG00000149054,5.906427792132436
4969,ENSG00000149084,6.654686730731996
4970,ENSG00000149089,6.758665024927036
4971,ENSG00000149091,6.1762870427485925
4972,ENSG00000149100,6.825713629443
4973,ENSG00000149115,5.82217007989386
4974,ENSG00000149136,6.485510676071742
4975,ENSG00000149150,6.764764135235232
4976,ENSG00000149177,5.211815470943602
4977,ENSG00000149179,5.796517969975971
4978,ENSG00000149182,5.9778713636376395
4979,ENSG00000149187,5.4204921668013295
4980,ENSG00000149196,7.217933183315517
4981,ENSG00000149231,5.957598089285343
4982,ENSG00000149257,6.826472957539295
4983,ENSG00000149262,5.272775217117045
4984,ENSG00000149269,6.718180591103495
4985,ENSG00000149273,6.658724758395055
4986,ENSG00000149289,5.104643473464031
4987,ENSG00000149292,5.446307916236418
4988,ENSG00000149308,5.037689680173285
4989,ENSG00000149311,5.148878020481278
4990,ENSG00000149313,5.905136548290394
4991,ENSG00000149346,5.603824930769169
4992,ENSG00000149357,5.715536659697975
4993,ENSG00000149428,6.297889767440803
4994,ENSG00000149474,4.7977853478950365
4995,ENSG00000149476,8.96281351739974
4996,ENSG00000149480,5.844783450086934
4997,ENSG00000149485,7.275951298935032
4998,ENSG00000149499,6.8191194884453274
4999,ENSG00000149503,5.2247227412124415
5000,ENSG00000149516,8.032104946092392
5001,ENSG00000149531,5.514433057412265
5002,ENSG00000149532,5.3133035996500855
5003,ENSG00000149541,6.764432152039898
5004,ENSG00000149547,6.396933640755883
5005,ENSG00000149554,5.814821016821392
5006,ENSG00000149577,5.319997854868217
5007,ENSG00000149582,5.342412791413537
5008,ENSG00000149591,3.5612097117785706
5009,ENSG00000149600,6.252067479260433
5010,ENSG00000149636,6.335197469150559
5011,ENSG00000149657,5.472382077784298
5012,ENSG00000149658,4.809482043388101
5013,ENSG00000149716,3.9763026945742945
5014,ENSG00000149743,7.282268480928253
5015,ENSG00000149761,6.698977586562126
5016,ENSG00000149781,5.131414153920583
5017,ENSG00000149782,6.574107128045788
5018,ENSG00000149792,5.731870256368006
5019,ENSG00000149798,3.8981424968219556
5020,ENSG00000149806,6.430114540448767
5021,ENSG00000149809,6.044544555817745
5022,ENSG00000149823,6.43219885127477
5023,ENSG00000149923,5.928380862569877
5024,ENSG00000149925,6.415039745783266
5025,ENSG00000149929,5.925486093548325
5026,ENSG00000149930,5.253773589901381
5027,ENSG00000149932,6.467876942062948
5028,ENSG00000150093,6.685980984454822
5029,ENSG00000150316,5.417806313460202
5030,ENSG00000150347,4.77341117051298
5031,ENSG00000150403,5.83328077836927
5032,ENSG00000150455,5.058189743775156
5033,ENSG00000150459,5.272345412780577
5034,ENSG00000150593,6.548178471577918
5035,ENSG00000150637,3.672865581360507
5036,ENSG00000150712,5.371562174123141
5037,ENSG00000150753,6.520533134249744
5038,ENSG00000150756,6.446790882390616
5039,ENSG00000150768,5.9519047105557865
5040,ENSG00000150776,5.274046962275125
5041,ENSG00000150779,5.421276640190889
5042,ENSG00000150787,5.381984862301075
5043,ENSG00000150867,5.542686716499843
5044,ENSG00000150907,4.690170178009252
5045,ENSG00000150938,5.476720556263261
5046,ENSG00000150961,4.887677812961322
5047,ENSG00000150990,5.264031832532966
5048,ENSG00000150991,5.539825518066641
5049,ENSG00000150995,3.9234677934892024
5050,ENSG00000151012,5.033618912533197
5051,ENSG00000151014,5.03183144178163
5052,ENSG00000151025,5.977589726083693
5053,ENSG00000151090,5.403891234815242
5054,ENSG00000151092,6.76226352545224
5055,ENSG00000151093,5.187756666617356
5056,ENSG00000151116,5.438324151584989
5057,ENSG00000151117,4.013623298167445
5058,ENSG00000151131,5.320693183429061
5059,ENSG00000151135,6.0711188230010595
5060,ENSG00000151148,5.516196728819266
5061,ENSG00000151151,4.650519463336351
5062,ENSG00000151176,6.935398701514432
5063,ENSG00000151208,5.464470716510273
5064,ENSG00000151233,5.241225416324978
5065,ENSG00000151239,4.6515715508544995
5066,ENSG00000151247,5.997420654796721
5067,ENSG00000151287,5.594573370081112
5068,ENSG00000151292,5.61382853599082
5069,ENSG00000151303,6.5267672725252375
5070,ENSG00000151304,4.946183772710125
5071,ENSG00000151327,5.665871787261989
5072,ENSG00000151332,5.716621740312818
5073,ENSG00000151338,5.475866308036823
5074,ENSG00000151348,6.411662563385972
5075,ENSG00000151353,5.504015063346669
5076,ENSG00000151366,6.193139592772804
5077,ENSG00000151413,5.123722333094534
5078,ENSG00000151414,5.873322372034442
5079,ENSG00000151445,5.734069187364997
5080,ENSG00000151458,4.664409034150871
5081,ENSG00000151461,5.109157367515664
5082,ENSG00000151465,6.287092500928545
5083,ENSG00000151466,5.7293327739117474
5084,ENSG00000151470,7.469132953532799
5085,ENSG00000151474,5.565757682652125
5086,ENSG00000151498,5.876266022764914
5087,ENSG00000151500,6.569379086093499
5088,ENSG00000151502,6.8111848512567
5089,ENSG00000151503,5.699854475806194
5090,ENSG00000151532,4.075273496203639
5091,ENSG00000151552,6.030378804857097
5092,ENSG00000151553,5.85442818152266
5093,ENSG00000151576,5.6855664216889075
5094,ENSG00000151612,4.356196608830123
5095,ENSG00000151632,6.216423749536786
5096,ENSG00000151651,6.092541552130934
5097,ENSG00000151657,4.335949167656359
5098,ENSG00000151665,8.813702983114641
5099,ENSG00000151687,5.176638241710605
5100,ENSG00000151689,6.105682138972432
5101,ENSG00000151690,5.57095082995207
5102,ENSG00000151692,5.962724840484145
5103,ENSG00000151694,5.280411924944911
5104,ENSG00000151718,5.74248950719687
5105,ENSG00000151725,5.716660852254174
5106,ENSG00000151726,5.906412470779146
5107,ENSG00000151746,6.05170864229876
5108,ENSG00000151748,5.402211775438583
5109,ENSG00000151779,5.582755855445939
5110,ENSG00000151806,5.625998621993788
5111,ENSG00000151849,5.643412595341173
5112,ENSG00000151876,6.0192507364773125
5113,ENSG00000151881,5.300448873556093
5114,ENSG00000151893,5.373359352071077
5115,ENSG00000151914,5.269542388865167
5116,ENSG00000151923,6.41354921427297
5117,ENSG00000151929,5.446342479189706
5118,ENSG00000152061,6.153719422685551
5119,ENSG00000152078,6.100638562243456
5120,ENSG00000152082,7.351456738325622
5121,ENSG00000152102,5.233577334507051
5122,ENSG00000152117,5.004325447837423
5123,ENSG00000152127,5.00359504743907
5124,ENSG00000152133,5.552141449068859
5125,ENSG00000152147,6.155536838750941
5126,ENSG00000152193,4.777639075819011
5127,ENSG00000152219,4.879325796960912
5128,ENSG00000152223,4.998503692434492
5129,ENSG00000152229,6.337281684902945
5130,ENSG00000152234,6.681555813559557
5131,ENSG00000152240,6.693578015953828
5132,ENSG00000152242,4.733239959413228
5133,ENSG00000152253,6.055757132240394
5134,ENSG00000152256,6.000130726727798
5135,ENSG00000152270,4.887156995887551
5136,ENSG00000152291,5.172644015423814
5137,ENSG00000152332,5.195698339966991
5138,ENSG00000152348,6.142900016337261
5139,ENSG00000152359,5.139274654244303
5140,ENSG00000152380,3.796138265282012
5141,ENSG00000152382,5.275453944206273
5142,ENSG00000152404,5.051682274620488
5143,ENSG00000152409,5.430007965152137
5144,ENSG00000152413,5.1429299581592725
5145,ENSG00000152422,5.531583868416125
5146,ENSG00000152433,3.828104415655127
5147,ENSG00000152443,3.8396494530674654
5148,ENSG00000152454,4.316151085300614
5149,ENSG00000152455,5.358102532253225
5150,ENSG00000152464,4.666561447775515
5151,ENSG00000152465,6.494518042656428
5152,ENSG00000152484,5.208224164992801
5153,ENSG00000152492,6.525771310988621
5154,ENSG00000152518,4.330802764388198
5155,ENSG00000152520,5.547754514297875
5156,ENSG00000152527,5.859041444014753
5157,ENSG00000152556,7.59561920943118
5158,ENSG00000152558,7.258834864333672
5159,ENSG00000152601,6.514313455539675
5160,ENSG00000152620,6.6427610680315645
5161,ENSG00000152683,5.891474668126445
5162,ENSG00000152684,4.4504947769021745
5163,ENSG00000152700,5.413800734640985
5164,ENSG00000152795,5.389929155072105
5165,ENSG00000152804,5.121021358787644
5166,ENSG00000152926,5.27742494198002
5167,ENSG00000152936,6.6620314265287774
5168,ENSG00000152944,4.9066046471948175
5169,ENSG00000152952,6.327771144594661
5170,ENSG00000152990,6.588671238533623
5171,ENSG00000153006,5.262662933806033
5172,ENSG00000153015,5.876000070484558
5173,ENSG00000153029,6.446019035724088
5174,ENSG00000153037,5.8348035593657315
5175,ENSG00000153044,6.4225112986465005
5176,ENSG00000153046,5.363222891490138
5177,ENSG00000153048,5.654359925274069
5178,ENSG00000153066,4.78607801233694
5179,ENSG00000153071,5.980637380920034
5180,ENSG00000153094,4.974698356243117
5181,ENSG00000153107,5.57272506836937
5182,ENSG00000153113,6.819070664138683
5183,ENSG00000153130,7.290107617238616
5184,ENSG00000153140,5.7736677523359425
5185,ENSG00000153147,5.939986593324229
5186,ENSG00000153157,5.370969786863047
5187,ENSG00000153179,5.974934216204913
5188,ENSG00000153187,6.1521928123385905
5189,ENSG00000153201,5.649208422560361
5190,ENSG00000153207,5.354740615870735
5191,ENSG00000153214,5.133561972836529
5192,ENSG00000153234,4.930422777579542
5193,ENSG00000153310,5.940147107181114
5194,ENSG00000153317,5.624017273909871
5195,ENSG00000153339,5.352580326731079
5196,ENSG00000153363,5.5043158731010315
5197,ENSG00000153391,5.340072255839512
5198,ENSG00000153395,6.583091542732294
5199,ENSG00000153406,7.612045255296386
5200,ENSG00000153443,5.37183766345858
5201,ENSG00000153531,5.6980006001428904
5202,ENSG00000153560,5.307552342892768
5203,ENSG00000153561,5.725632418692179
5204,ENSG00000153574,6.201814768943085
5205,ENSG00000153767,4.3860760247066874
5206,ENSG00000153774,6.701103580446731
5207,ENSG00000153786,5.491733541896051
5208,ENSG00000153815,5.639278874596694
5209,ENSG00000153827,5.5600663832412325
5210,ENSG00000153879,5.38061304486402
5211,ENSG00000153914,5.6934495959660865
5212,ENSG00000153922,5.370313719675798
5213,ENSG00000153936,5.835048927272769
5214,ENSG00000153975,5.3572684711071
5215,ENSG00000153976,5.887054208096624
5216,ENSG00000153989,6.090352552938913
5217,ENSG00000154001,6.020328313823019
5218,ENSG00000154059,6.157864236031897
5219,ENSG00000154079,5.250530192789748
5220,ENSG00000154114,5.133839014304874
5221,ENSG00000154122,6.097486777086834
5222,ENSG00000154124,5.556912965061914
5223,ENSG00000154144,5.853416513230014
5224,ENSG00000154174,5.960200987347616
5225,ENSG00000154188,5.456325520168196
5226,ENSG00000154222,5.031861890947298
5227,ENSG00000154229,5.342705825724132
5228,ENSG00000154269,5.521414095819332
5229,ENSG00000154305,5.319853193874662
5230,ENSG00000154310,5.339213436330158
5231,ENSG00000154316,4.137568862474904
5232,ENSG00000154328,6.1996673028789475
5233,ENSG00000154370,4.964065367933677
5234,ENSG00000154447,4.15470067642566
5235,ENSG00000154473,5.601280001995233
5236,ENSG00000154518,6.2783108005923625
5237,ENSG00000154582,5.794131080745882
5238,ENSG00000154640,5.950075858767598
5239,ENSG00000154642,4.173160639897267
5240,ENSG00000154710,4.938564980945905
5241,ENSG00000154719,5.9006968838340015
5242,ENSG00000154723,6.019786478493618
5243,ENSG00000154727,5.4520242384104565
5244,ENSG00000154743,5.472487841328927
5245,ENSG00000154767,5.700006308030396
5246,ENSG00000154781,4.362913360876396
5247,ENSG00000154803,5.004655622962868
5248,ENSG00000154813,5.867451132055455
5249,ENSG00000154814,5.954761661983402
5250,ENSG00000154822,5.15470327046815
5251,ENSG00000154832,5.592171979235005
5252,ENSG00000154839,5.93957102735124
5253,ENSG00000154845,5.647235501291122
5254,ENSG00000154920,6.476101060804677
5255,ENSG00000154945,5.210424800630336
5256,ENSG00000154978,6.823837158011197
5257,ENSG00000155008,6.298163134336636
5258,ENSG00000155034,5.345872252558194
5259,ENSG00000155090,3.6623508583342206
5260,ENSG00000155096,5.493971072204525
5261,ENSG00000155097,5.899863267684615
5262,ENSG00000155100,5.869181945690714
5263,ENSG00000155115,6.147447131525975
5264,ENSG00000155189,6.482472390399956
5265,ENSG00000155229,5.485362949168044
5266,ENSG00000155252,5.243222959588714
5267,ENSG00000155256,5.655380438633762
5268,ENSG00000155275,3.8369935061093194
5269,ENSG00000155304,5.199300430876998
5270,ENSG00000155307,6.420333509869873
5271,ENSG00000155313,5.941325803961268
5272,ENSG00000155329,5.575955203419797
5273,ENSG00000155330,5.1392411250270085
5274,ENSG00000155363,6.741018084367704
5275,ENSG00000155366,6.413052264540866
5276,ENSG00000155368,5.512283576081384
5277,ENSG00000155380,6.245460251233965
5278,ENSG00000155393,5.538907462279708
5279,ENSG00000155438,5.791061557029556
5280,ENSG00000155463,6.5969359965891075
5281,ENSG00000155495,6.0068488840133245
5282,ENSG00000155506,5.519321242922721
5283,ENSG00000155508,5.700278973070714
5284,ENSG00000155545,4.902872243583782
5285,ENSG00000155561,5.846153046588088
5286,ENSG00000155592,4.023537326329461
5287,ENSG00000155621,5.482968623401932
5288,ENSG00000155636,5.424631502090866
5289,ENSG00000155660,6.74477902467168
5290,ENSG00000155744,5.460346736484358
5291,ENSG00000155749,4.77477548699167
5292,ENSG00000155755,7.138314240929165
5293,ENSG00000155827,5.901442570213228
5294,ENSG00000155846,5.325364264461047
5295,ENSG00000155850,6.469070373630961
5296,ENSG00000155858,5.557962763035603
5297,ENSG00000155903,5.418352874746612
5298,ENSG00000155906,5.354622861152277
5299,ENSG00000155957,7.065494505035847
5300,ENSG00000155959,6.842736176427181
5301,ENSG00000155962,7.3300504681626615
5302,ENSG00000155975,5.401426618310858
5303,ENSG00000155980,5.8611988865448215
5304,ENSG00000156017,5.830251181378959
5305,ENSG00000156026,5.629481674421474
5306,ENSG00000156030,4.92839338566919
5307,ENSG00000156042,4.319027915254347
5308,ENSG00000156050,4.002790899474088
5309,ENSG00000156052,5.365331888939662
5310,ENSG00000156110,5.627108699213926
5311,ENSG00000156136,5.61567493219693
5312,ENSG00000156140,5.77217226666767
5313,ENSG00000156162,5.736600792082011
5314,ENSG00000156170,5.947418647306088
5315,ENSG00000156171,6.5987516573934935
5316,ENSG00000156232,4.446415624872323
5317,ENSG00000156239,5.1638347418964905
5318,ENSG00000156256,5.646148034846874
5319,ENSG00000156261,6.689056738650247
5320,ENSG00000156269,5.896780019720967
5321,ENSG00000156273,4.045253888997342
5322,ENSG00000156304,4.718700501312441
5323,ENSG00000156374,5.0842340516142155
5324,ENSG00000156381,6.679160201821079
5325,ENSG00000156384,6.564482218545479
5326,ENSG00000156398,6.755754021097351
5327,ENSG00000156411,6.308562503676386
5328,ENSG00000156427,3.7415577643953313
5329,ENSG00000156467,6.314967070302311
5330,ENSG00000156469,6.464695354821656
5331,ENSG00000156471,6.109697986715145
5332,ENSG00000156482,6.815273270643932
5333,ENSG00000156502,5.786889181258212
5334,ENSG00000156504,6.22721958459785
5335,ENSG00000156508,6.995752043397645
5336,ENSG00000156515,6.6294266917806555
5337,ENSG00000156531,6.6234626707686965
5338,ENSG00000156587,7.390246670135439
5339,ENSG00000156599,5.0253836118138375
5340,ENSG00000156603,4.953431585260824
5341,ENSG00000156639,5.112992240213663
5342,ENSG00000156642,5.440137698613095
5343,ENSG00000156650,4.206957903430381
5344,ENSG00000156671,5.323966450574197
5345,ENSG00000156675,6.087697839135654
5346,ENSG00000156697,5.406933856544529
5347,ENSG00000156709,6.24744836732388
5348,ENSG00000156735,5.754261098688431
5349,ENSG00000156787,6.147987816323532
5350,ENSG00000156795,6.7528421696622685
5351,ENSG00000156802,5.400748788101287
5352,ENSG00000156804,5.068263854870056
5353,ENSG00000156831,5.623810763120904
5354,ENSG00000156858,5.8769024426340115
5355,ENSG00000156860,5.521513171782819
5356,ENSG00000156869,6.44361713546498
5357,ENSG00000156873,5.135084917483285
5358,ENSG00000156875,5.530387934480002
5359,ENSG00000156876,6.0815662156619785
5360,ENSG00000156928,5.755854927278077
5361,ENSG00000156931,5.291271818649547
5362,ENSG00000156958,6.048838161115937
5363,ENSG00000156970,4.988586384563368
5364,ENSG00000156976,5.245461889751183
5365,ENSG00000156983,4.577607028152472
5366,ENSG00000156990,7.8856859618747075
5367,ENSG00000157014,5.108049441980608
5368,ENSG00000157020,6.425489320958128
5369,ENSG00000157036,6.151691322028447
5370,ENSG00000157045,6.782403471141015
5371,ENSG00000157077,5.229541321081736
5372,ENSG00000157107,5.468300425131978
5373,ENSG00000157181,5.651331304704728
5374,ENSG00000157184,5.451206581415405
5375,ENSG00000157191,5.563287237994735
5376,ENSG00000157193,5.980543852823191
5377,ENSG00000157212,5.174342737427812
5378,ENSG00000157216,5.993106449039318
5379,ENSG00000157224,5.668060941636789
5380,ENSG00000157259,5.37658708663065
5381,ENSG00000157326,6.413709648957764
5382,ENSG00000157349,6.540255907144635
5383,ENSG00000157350,5.35816196955734
5384,ENSG00000157404,5.813356196176334
5385,ENSG00000157426,5.46675120988522
5386,ENSG00000157450,4.578867952696527
5387,ENSG00000157456,5.509697656924724
5388,ENSG00000157500,5.087346911633398
5389,ENSG00000157514,5.79479489150456
5390,ENSG00000157538,5.556766266027039
5391,ENSG00000157540,4.274785777053309
5392,ENSG00000157557,4.482400225494481
5393,ENSG00000157570,6.5886085008302615
5394,ENSG00000157593,6.408871866846898
5395,ENSG00000157625,6.525864413487917
5396,ENSG00000157637,6.374261576345184
5397,ENSG00000157693,5.9491585455026135
5398,ENSG00000157741,5.26040331999127
5399,ENSG00000157764,5.12637098848678
5400,ENSG00000157778,5.443395963425814
5401,ENSG00000157823,5.624990843053365
5402,ENSG00000157837,5.733496358255292
5403,ENSG00000157869,6.323970870804462
5404,ENSG00000157881,5.018234178960388
5405,ENSG00000157895,4.6578102162714465
5406,ENSG00000157911,6.741397612630842
5407,ENSG00000157916,6.586273211010871
5408,ENSG00000157933,5.169192698409047
5409,ENSG00000157954,5.635377929702036
5410,ENSG00000157978,6.8769520545480045
5411,ENSG00000157985,4.421903096996047
5412,ENSG00000157992,4.22317992836371
5413,ENSG00000158006,5.6396259915355325
5414,ENSG00000158019,5.9622604254129055
5415,ENSG00000158023,5.820692289494452
5416,ENSG00000158042,5.156925692902622
5417,ENSG00000158062,6.476991571231684
5418,ENSG00000158077,4.393193387517783
5419,ENSG00000158079,5.832088784408973
5420,ENSG00000158092,5.361766459971741
5421,ENSG00000158109,4.786750979256346
5422,ENSG00000158122,5.605223057166654
5423,ENSG00000158158,5.490298090566053
5424,ENSG00000158161,5.310246769811635
5425,ENSG00000158169,5.794007447429206
5426,ENSG00000158195,6.011559926481144
5427,ENSG00000158286,5.301219724114556
5428,ENSG00000158290,6.08435253339055
5429,ENSG00000158292,5.2527054384425895
5430,ENSG00000158296,5.483294579484791
5431,ENSG00000158402,5.506886616048584
5432,ENSG00000158411,5.208074720164883
5433,ENSG00000158417,6.062490219933065
5434,ENSG00000158423,3.2140837013692694
5435,ENSG00000158435,6.175246577606966
5436,ENSG00000158467,5.630903081855667
5437,ENSG00000158470,5.3398921463823115
5438,ENSG00000158526,5.881829850570107
5439,ENSG00000158545,5.66975854107296
5440,ENSG00000158552,6.485982150536804
5441,ENSG00000158578,7.910245556990975
5442,ENSG00000158604,6.592022537582442
5443,ENSG00000158615,4.697949660525875
5444,ENSG00000158623,7.242993608183067
5445,ENSG00000158636,4.947114573644042
5446,ENSG00000158669,6.248095836618648
5447,ENSG00000158691,4.081344268204179
5448,ENSG00000158710,5.748541753586034
5449,ENSG00000158711,5.803389688541638
5450,ENSG00000158716,6.671906079859139
5451,ENSG00000158717,6.192778637836432
5452,ENSG00000158769,6.411024861197521
5453,ENSG00000158773,5.767449236362106
5454,ENSG00000158793,6.679870757095745
5455,ENSG00000158796,5.716939988692275
5456,ENSG00000158805,5.341121989833228
5457,ENSG00000158815,4.041700496965679
5458,ENSG00000158828,5.874862780929346
5459,ENSG00000158850,6.277481573883389
5460,ENSG00000158856,5.962064559194861
5461,ENSG00000158863,5.4618071468126965
5462,ENSG00000158864,6.330761531623027
5463,ENSG00000158882,6.666320826718325
5464,ENSG00000158887,7.4797677756429986
5465,ENSG00000158941,5.440670363063034
5466,ENSG00000158985,6.175017154813725
5467,ENSG00000158987,4.442307666639721
5468,ENSG00000159023,5.971876230615459
5469,ENSG00000159055,6.276261898288929
5470,ENSG00000159063,6.952688238333335
5471,ENSG00000159069,5.974534964096323
5472,ENSG00000159079,6.7999783140914305
5473,ENSG00000159082,4.489665349883739
5474,ENSG00000159086,5.260796447140483
5475,ENSG00000159111,5.4810506434964905
5476,ENSG00000159128,6.648531742905448
5477,ENSG00000159131,6.2752185523566535
5478,ENSG00000159140,5.138454329030227
5479,ENSG00000159147,6.145254982202362
5480,ENSG00000159199,6.845716492923508
5481,ENSG00000159202,4.952753632444076
5482,ENSG00000159210,6.477603453726921
5483,ENSG00000159216,4.140229188765924
5484,ENSG00000159217,5.845059934365789
5485,ENSG00000159228,6.539122425475321
5486,ENSG00000159256,5.030251666838205
5487,ENSG00000159259,5.795974379461221
5488,ENSG00000159267,4.975419255785963
5489,ENSG00000159322,6.290777792955453
5490,ENSG00000159335,6.4137601941234585
5491,ENSG00000159346,6.260988340832078
5492,ENSG00000159348,5.876882563602027
5493,ENSG00000159352,6.636050497859115
5494,ENSG00000159377,5.948887454137751
5495,ENSG00000159388,4.161030279905483
5496,ENSG00000159399,5.656241802645194
5497,ENSG00000159403,6.3207780511080776
5498,ENSG00000159433,5.6003229737180416
5499,ENSG00000159445,5.13541195705965
5500,ENSG00000159459,4.982597460390848
5501,ENSG00000159461,6.83725803509322
5502,ENSG00000159479,5.620853236018076
5503,ENSG00000159527,4.659397459819764
5504,ENSG00000159556,5.333942104768028
5505,ENSG00000159579,5.2600166740926735
5506,ENSG00000159588,4.4544797205725795
5507,ENSG00000159592,5.452705259006718
5508,ENSG00000159593,6.8785995761259295
5509,ENSG00000159596,5.8843460147994575
5510,ENSG00000159640,5.075142594530603
5511,ENSG00000159658,5.191131115368758
5512,ENSG00000159685,6.547822249164283
5513,ENSG00000159720,5.29986110588126
5514,ENSG00000159840,6.4917747197022235
5515,ENSG00000159842,5.106550178721132
5516,ENSG00000159873,5.025525378510441
5517,ENSG00000159885,4.401022792367093
5518,ENSG00000159899,5.051655690100265
5519,ENSG00000159921,5.582781280338798
5520,ENSG00000160007,5.9810461438359805
5521,ENSG00000160014,6.8618551725317
5522,ENSG00000160049,6.8793901971560425
5523,ENSG00000160050,8.578681865501498
5524,ENSG00000160051,4.572796075349002
5525,ENSG00000160055,4.698700898103923
5526,ENSG00000160058,5.213109000611718
5527,ENSG00000160072,5.657511344475881
5528,ENSG00000160075,5.614865820575216
5529,ENSG00000160087,6.230584290861576
5530,ENSG00000160113,5.321558229692024
5531,ENSG00000160117,5.663904252367928
5532,ENSG00000160124,5.711694735972774
5533,ENSG00000160131,6.146130321198667
5534,ENSG00000160161,3.405240689710524
5535,ENSG00000160190,6.367299251019805
5536,ENSG00000160193,5.237626759565938
5537,ENSG00000160194,6.318586663016706
5538,ENSG00000160199,5.358222618549979
5539,ENSG00000160208,6.109671447655509
5540,ENSG00000160209,5.532806693482322
5541,ENSG00000160211,5.825459666069748
5542,ENSG00000160213,5.918998732351053
5543,ENSG00000160214,5.707570445958289
5544,ENSG00000160216,6.232712310872012
5545,ENSG00000160218,5.139181468239071
5546,ENSG00000160219,6.105277384035958
5547,ENSG00000160226,6.1385804446978645
5548,ENSG00000160256,6.448750907355753
5549,ENSG00000160271,5.796165833955307
5550,ENSG00000160284,6.422738637384721
5551,ENSG00000160285,5.96137747546292
5552,ENSG00000160294,5.850779373328918
5553,ENSG00000160298,4.534326367169179
5554,ENSG00000160299,4.3404770771261605
5555,ENSG00000160305,5.570190862078448
5556,ENSG00000160310,5.982279010199836
5557,ENSG00000160352,6.267157906185
5558,ENSG00000160392,4.768027428791474
5559,ENSG00000160404,7.485905162686114
5560,ENSG00000160408,5.66248916845812
5561,ENSG00000160410,7.127551041224082
5562,ENSG00000160439,4.301410234708475
5563,ENSG00000160445,6.040555510477681
5564,ENSG00000160446,6.896313580548836
5565,ENSG00000160551,4.975769531250899
5566,ENSG00000160563,5.544521291794938
5567,ENSG00000160570,4.18690099060801
5568,ENSG00000160584,4.685552664326099
5569,ENSG00000160602,3.9463322154106177
5570,ENSG00000160606,5.532581223607259
5571,ENSG00000160633,5.273648167322719
5572,ENSG00000160679,5.528136115733537
5573,ENSG00000160685,4.663735477792528
5574,ENSG00000160688,6.071589388572968
5575,ENSG00000160691,5.398295186335546
5576,ENSG00000160695,5.043732112879255
5577,ENSG00000160710,6.095517447811914
5578,ENSG00000160714,5.463267509107795
5579,ENSG00000160741,5.799747350351397
5580,ENSG00000160746,5.594925683875759
5581,ENSG00000160752,7.38042730487805
5582,ENSG00000160753,6.832757066853902
5583,ENSG00000160767,8.108451351232578
5584,ENSG00000160781,5.1797385536734755
5585,ENSG00000160783,6.129105354225391
5586,ENSG00000160785,5.035466640191866
5587,ENSG00000160789,5.395107119801098
5588,ENSG00000160796,6.1375344692889096
5589,ENSG00000160799,4.86861684893267
5590,ENSG00000160803,6.111783893523704
5591,ENSG00000160813,6.629582098778923
5592,ENSG00000160818,6.137508203308098
5593,ENSG00000160867,7.266309470887414
5594,ENSG00000160883,3.3690681767352153
5595,ENSG00000160908,4.878007451472794
5596,ENSG00000160917,5.95858881984774
5597,ENSG00000160932,7.141894641775798
5598,ENSG00000160948,7.171452478275157
5599,ENSG00000160949,6.111623710373254
5600,ENSG00000160953,6.985429901298497
5601,ENSG00000160957,5.3923809484267275
5602,ENSG00000160991,5.068064787429835
5603,ENSG00000160993,5.119299159459551
5604,ENSG00000160999,3.4936208429086126
5605,ENSG00000161010,5.980156233425113
5606,ENSG00000161011,5.315958449991393
5607,ENSG00000161013,5.731048228304144
5608,ENSG00000161016,6.801666049176721
5609,ENSG00000161021,4.615028083760662
5610,ENSG00000161036,5.645065132219713
5611,ENSG00000161040,5.196391277728558
5612,ENSG00000161057,5.758437609015894
5613,ENSG00000161091,5.523445279070762
5614,ENSG00000161149,4.60633696449975
5615,ENSG00000161179,7.3363060800486055
5616,ENSG00000161180,5.753282276635358
5617,ENSG00000161202,5.859733363201464
5618,ENSG00000161203,6.378294750583235
5619,ENSG00000161204,5.114070216648495
5620,ENSG00000161217,5.672940203079604
5621,ENSG00000161265,5.4468121597382675
5622,ENSG00000161298,4.912964001282455
5623,ENSG00000161395,4.719024473068913
5624,ENSG00000161405,5.492517980459415
5625,ENSG00000161509,4.20013581119013
5626,ENSG00000161513,7.5802507190699835
5627,ENSG00000161526,5.277539207042116
5628,ENSG00000161533,5.576673144650054
5629,ENSG00000161547,5.34643971424373
5630,ENSG00000161551,5.55735701281598
5631,ENSG00000161618,5.89195019133789
5632,ENSG00000161638,5.392653544055494
5633,ENSG00000161642,6.196661577117159
5634,ENSG00000161654,5.657352260800682
5635,ENSG00000161671,5.672763769855661
5636,ENSG00000161692,5.141480890158793
5637,ENSG00000161800,5.260262974913248
5638,ENSG00000161813,5.684578462614699
5639,ENSG00000161847,5.834747537312979
5640,ENSG00000161888,6.757529924082858
5641,ENSG00000161904,5.701841611863863
5642,ENSG00000161914,4.156532717016956
5643,ENSG00000161939,6.278026620666265
5644,ENSG00000161956,6.173968796386723
5645,ENSG00000161960,6.113039504721575
5646,ENSG00000161970,6.595216049768546
5647,ENSG00000161980,5.384582520585118
5648,ENSG00000161981,6.038871742359521
5649,ENSG00000161999,6.294876752736957
5650,ENSG00000162004,5.3945335920137705
5651,ENSG00000162032,6.512707893219134
5652,ENSG00000162039,7.58106610410718
5653,ENSG00000162062,5.894357419007243
5654,ENSG00000162063,5.148032737829974
5655,ENSG00000162065,5.8380520692939255
5656,ENSG00000162066,4.774340537378293
5657,ENSG00000162068,3.3593025437422717
5658,ENSG00000162076,6.3710602868470785
5659,ENSG00000162086,4.8769140241822955
5660,ENSG00000162129,4.957594859142527
5661,ENSG00000162139,5.916862902999828
5662,ENSG00000162144,6.356284572155688
5663,ENSG00000162148,5.818508078495999
5664,ENSG00000162191,5.973481308284041
5665,ENSG00000162194,5.552937259205424
5666,ENSG00000162222,5.276863532998474
5667,ENSG00000162227,5.443191594937719
5668,ENSG00000162231,5.004996534470636
5669,ENSG00000162236,4.892170035759891
5670,ENSG00000162244,6.864141517689435
5671,ENSG00000162298,6.054152976291207
5672,ENSG00000162300,5.2840503075084175
5673,ENSG00000162337,6.267449190465626
5674,ENSG00000162367,5.7245556517702205
5675,ENSG00000162368,6.740875813870219
5676,ENSG00000162377,4.888286061806094
5677,ENSG00000162378,5.4401089443038035
5678,ENSG00000162384,6.486879362794618
5679,ENSG00000162385,5.976812846501815
5680,ENSG00000162402,5.624122711946903
5681,ENSG00000162408,5.570121313633838
5682,ENSG00000162413,4.365580426539171
5683,ENSG00000162419,4.6810057658542235
5684,ENSG00000162433,6.59800251251981
5685,ENSG00000162434,5.4643951793294585
5686,ENSG00000162437,6.1221410692716685
5687,ENSG00000162441,5.960957972145831
5688,ENSG00000162461,3.971394792291914
5689,ENSG00000162482,4.111165332350175
5690,ENSG00000162496,6.600832381089488
5691,ENSG00000162517,6.152083937780348
5692,ENSG00000162521,6.375568143990291
5693,ENSG00000162522,6.3033446637519726
5694,ENSG00000162543,5.269429395534887
5695,ENSG00000162576,6.0822378254078755
5696,ENSG00000162585,7.446191273430058
5697,ENSG00000162594,5.156826847489232
5698,ENSG00000162599,4.656175648937069
5699,ENSG00000162600,7.581021798505801
5700,ENSG00000162601,5.359415518923493
5701,ENSG00000162604,5.529014135765609
5702,ENSG00000162607,5.471323752263141
5703,ENSG00000162613,5.4086518282440545
5704,ENSG00000162616,5.26986745998363
5705,ENSG00000162623,5.938132610603387
5706,ENSG00000162636,6.5216456498117905
5707,ENSG00000162642,5.3278926298428395
5708,ENSG00000162645,6.179748533944482
5709,ENSG00000162650,4.925328777452202
5710,ENSG00000162664,5.544306626251543
5711,ENSG00000162688,5.720048341066155
5712,ENSG00000162694,6.530277607410363
5713,ENSG00000162695,5.171531795541046
5714,ENSG00000162702,4.506665448661512
5715,ENSG00000162704,6.265933309690131
5716,ENSG00000162714,5.1985882096058935
5717,ENSG00000162722,5.200093114844935
5718,ENSG00000162734,6.330409463821724
5719,ENSG00000162735,6.2086343033704505
5720,ENSG00000162736,6.271541266890694
5721,ENSG00000162739,7.684541391429656
5722,ENSG00000162757,4.352827746793052
5723,ENSG00000162769,5.54028403534081
5724,ENSG00000162772,5.180965613275332
5725,ENSG00000162813,6.692686980568522
5726,ENSG00000162819,5.0256819754726
5727,ENSG00000162825,5.6041901006140415
5728,ENSG00000162851,5.351735986827596
5729,ENSG00000162852,5.526159225293348
5730,ENSG00000162869,5.719444932968007
5731,ENSG00000162873,3.6472650455654803
5732,ENSG00000162878,4.525283508938782
5733,ENSG00000162885,5.3369551383327885
5734,ENSG00000162889,5.683172281327975
5735,ENSG00000162909,6.877051807326797
5736,ENSG00000162910,5.961194367051639
5737,ENSG00000162923,5.628473058889357
5738,ENSG00000162924,4.7483821911578055
5739,ENSG00000162927,5.327563049983169
5740,ENSG00000162928,4.791540413162099
5741,ENSG00000162959,5.377807001186309
5742,ENSG00000162961,6.256876364370728
5743,ENSG00000162971,4.933353768616183
5744,ENSG00000162972,4.779551760127605
5745,ENSG00000162980,5.91565881135264
5746,ENSG00000163002,5.229666551470496
5747,ENSG00000163006,5.636022838272131
5748,ENSG00000163009,4.746714309913497
5749,ENSG00000163026,5.280119121914032
5750,ENSG00000163029,5.774897274049539
5751,ENSG00000163041,6.7841801533038
5752,ENSG00000163050,6.30891447785181
5753,ENSG00000163072,5.935770625310222
5754,ENSG00000163104,5.253623985055008
5755,ENSG00000163110,5.785447579997223
5756,ENSG00000163125,4.57046517584135
5757,ENSG00000163131,6.17016020784907
5758,ENSG00000163156,5.562544323602422
5759,ENSG00000163159,6.036553922097167
5760,ENSG00000163161,5.128795346656265
5761,ENSG00000163162,5.386390629851993
5762,ENSG00000163166,5.293963389132125
5763,ENSG00000163170,6.783628192153635
5764,ENSG00000163191,6.469922144836756
5765,ENSG00000163214,5.747620744975075
5766,ENSG00000163218,5.859874212518893
5767,ENSG00000163219,5.501675761729876
5768,ENSG00000163249,5.203250371263597
5769,ENSG00000163251,5.120845522454588
5770,ENSG00000163257,5.266547966055266
5771,ENSG00000163281,5.472933672746751
5772,ENSG00000163291,7.847618483975237
5773,ENSG00000163312,4.244320653662006
5774,ENSG00000163319,5.881296840418123
5775,ENSG00000163320,6.5438792419110685
5776,ENSG00000163322,7.693938698746893
5777,ENSG00000163346,5.87674781438601
5778,ENSG00000163348,5.13730699856317
5779,ENSG00000163349,5.436151806601276
5780,ENSG00000163374,5.673268937033266
5781,ENSG00000163376,4.395884240292069
5782,ENSG00000163382,7.678853397129753
5783,ENSG00000163389,5.369742889944417
5784,ENSG00000163399,6.995729102848086
5785,ENSG00000163428,5.373190616065694
5786,ENSG00000163444,6.289314618914687
5787,ENSG00000163463,6.788466704662287
5788,ENSG00000163466,6.10109176589089
5789,ENSG00000163468,6.421089194859088
5790,ENSG00000163472,5.447700746423615
5791,ENSG00000163479,6.434219510671933
5792,ENSG00000163481,4.4022811693447705
5793,ENSG00000163482,6.4341635670363475
5794,ENSG00000163507,4.744187637747229
5795,ENSG00000163510,5.442323409156789
5796,ENSG00000163512,6.217506219444539
5797,ENSG00000163513,5.578272722916981
5798,ENSG00000163516,6.43879763833323
5799,ENSG00000163527,6.848726628827839
5800,ENSG00000163528,6.0416670109860835
5801,ENSG00000163535,6.04824311539851
5802,ENSG00000163539,5.248203929568803
5803,ENSG00000163541,7.391343439834761
5804,ENSG00000163554,5.643556888935741
5805,ENSG00000163558,6.101472612998402
5806,ENSG00000163584,4.573737384197762
5807,ENSG00000163597,5.525460483707292
5808,ENSG00000163602,4.556738830581065
5809,ENSG00000163605,5.269201922369005
5810,ENSG00000163607,5.598421725293306
5811,ENSG00000163608,5.96846689310927
5812,ENSG00000163611,6.044632759252563
5813,ENSG00000163625,5.1160554330473085
5814,ENSG00000163626,5.8119143451390185
5815,ENSG00000163634,6.573265935144949
5816,ENSG00000163635,4.486253369230282
5817,ENSG00000163636,5.829671589128419
5818,ENSG00000163644,6.9900329991927235
5819,ENSG00000163655,6.621845962838154
5820,ENSG00000163659,4.083978112782361
5821,ENSG00000163660,4.009712363977279
5822,ENSG00000163681,5.414676539514115
5823,ENSG00000163682,6.939800972624425
5824,ENSG00000163684,4.829668945173858
5825,ENSG00000163697,4.213089039102151
5826,ENSG00000163703,5.460246566578973
5827,ENSG00000163714,6.031808928284847
5828,ENSG00000163719,5.25248728274825
5829,ENSG00000163728,5.347346024844469
5830,ENSG00000163734,4.502859146507022
5831,ENSG00000163738,4.550743751848223
5832,ENSG00000163743,5.923860389144765
5833,ENSG00000163755,6.694936882057064
5834,ENSG00000163781,5.537013061507861
5835,ENSG00000163785,6.50406344780523
5836,ENSG00000163788,4.59023220580325
5837,ENSG00000163795,4.679144405718399
5838,ENSG00000163798,5.682211966046337
5839,ENSG00000163806,4.201358796428071
5840,ENSG00000163807,5.3881371961812885
5841,ENSG00000163808,4.748289863576339
5842,ENSG00000163811,5.171858659718639
5843,ENSG00000163812,6.2487223445008775
5844,ENSG00000163818,5.62523076322973
5845,ENSG00000163832,6.127595422525558
5846,ENSG00000163840,6.034704583312754
5847,ENSG00000163848,4.971369531414542
5848,ENSG00000163866,4.393970802814779
5849,ENSG00000163867,4.922509586195318
5850,ENSG00000163872,6.194469836541402
5851,ENSG00000163874,4.208418612457109
5852,ENSG00000163875,5.747064715493333
5853,ENSG00000163877,4.481828571941151
5854,ENSG00000163879,5.260587223933812
5855,ENSG00000163882,6.45074765887017
5856,ENSG00000163898,6.086263951534884
5857,ENSG00000163900,5.471962831023369
5858,ENSG00000163902,6.1475778418658615
5859,ENSG00000163904,5.97822370174934
5860,ENSG00000163918,6.1076704728302555
5861,ENSG00000163930,5.9919519161015575
5862,ENSG00000163931,6.900777397932213
5863,ENSG00000163932,5.761692586812947
5864,ENSG00000163935,4.722735454182747
5865,ENSG00000163938,5.636057443225872
5866,ENSG00000163939,5.2343906713305755
5867,ENSG00000163945,5.948066843309353
5868,ENSG00000163946,5.730786648818728
5869,ENSG00000163947,4.885267692029521
5870,ENSG00000163950,5.1570706608325265
5871,ENSG00000163956,6.4056652477998135
5872,ENSG00000163960,5.1081741004292684
5873,ENSG00000163961,5.24963265120083
5874,ENSG00000163964,6.231382417210798
5875,ENSG00000163975,5.513696400300442
5876,ENSG00000164002,5.18820226801028
5877,ENSG00000164008,5.491210373065676
5878,ENSG00000164010,5.240056409784405
5879,ENSG00000164011,5.809866205629271
5880,ENSG00000164022,6.207632783360686
5881,ENSG00000164024,6.494364084026694
5882,ENSG00000164031,5.862827075349445
5883,ENSG00000164032,5.937981891005345
5884,ENSG00000164038,5.016991806202421
5885,ENSG00000164039,5.940047881756089
5886,ENSG00000164040,6.089754463323937
5887,ENSG00000164045,5.186271427282574
5888,ENSG00000164048,5.3904835826344355
5889,ENSG00000164053,4.556672108754246
5890,ENSG00000164054,6.692711545723441
5891,ENSG00000164062,7.769625329115836
5892,ENSG00000164068,5.533661967342234
5893,ENSG00000164070,7.438310462418398
5894,ENSG00000164073,5.658285098269863
5895,ENSG00000164074,4.739620197601926
5896,ENSG00000164077,5.434665214698899
5897,ENSG00000164080,5.0289960638745
5898,ENSG00000164081,6.337260002534073
5899,ENSG00000164086,5.191723258926773
5900,ENSG00000164091,5.125143737719659
5901,ENSG00000164096,6.4580139081924415
5902,ENSG00000164104,5.387134847428175
5903,ENSG00000164105,5.381756383018017
5904,ENSG00000164109,5.912213811422956
5905,ENSG00000164111,5.719203777664533
5906,ENSG00000164117,4.6048365798152675
5907,ENSG00000164118,6.221977342286408
5908,ENSG00000164134,6.092749802712726
5909,ENSG00000164144,5.338789792962138
5910,ENSG00000164151,5.339785049943693
5911,ENSG00000164162,5.173247130881115
5912,ENSG00000164163,6.309295664414175
5913,ENSG00000164164,5.371882738693277
5914,ENSG00000164167,5.9249316022906005
5915,ENSG00000164168,5.966293967716621
5916,ENSG00000164169,5.037961442759142
5917,ENSG00000164172,7.573501206496907
5918,ENSG00000164180,6.632454376497643
5919,ENSG00000164182,6.141017159494749
5920,ENSG00000164187,5.872181367056428
5921,ENSG00000164190,5.482565853607603
5922,ENSG00000164199,5.855760582318712
5923,ENSG00000164209,5.802238675378528
5924,ENSG00000164211,6.417345949355865
5925,ENSG00000164219,5.380657586543655
5926,ENSG00000164221,6.4485469777514295
5927,ENSG00000164237,7.022276792108506
5928,ENSG00000164244,5.968813013860154
5929,ENSG00000164252,5.473298088667505
5930,ENSG00000164253,7.718901872264269
5931,ENSG00000164256,5.705277798188318
5932,ENSG00000164258,6.078734405169258
5933,ENSG00000164284,4.9849129397572
5934,ENSG00000164291,5.444507050987639
5935,ENSG00000164292,5.793774290700258
5936,ENSG00000164296,5.878017613234079
5937,ENSG00000164300,5.586310069694841
5938,ENSG00000164305,5.027180463786924
5939,ENSG00000164307,6.399371140039548
5940,ENSG00000164308,5.258901861507276
5941,ENSG00000164323,6.165183351993939
5942,ENSG00000164327,5.356828764226549
5943,ENSG00000164329,4.6644956501746595
5944,ENSG00000164331,5.107857858366318
5945,ENSG00000164332,6.497101999813018
5946,ENSG00000164338,5.638760731827631
5947,ENSG00000164346,6.1917114812890155
5948,ENSG00000164347,6.27064556130188
5949,ENSG00000164366,5.413171290258392
5950,ENSG00000164402,6.430946460694275
5951,ENSG00000164405,6.659121403430318
5952,ENSG00000164442,4.2995289923559294
5953,ENSG00000164463,4.3320114184783
5954,ENSG00000164466,6.803867971833515
5955,ENSG00000164506,5.3861557917198235
5956,ENSG00000164535,4.905734719233925
5957,ENSG00000164543,5.035254244190022
5958,ENSG00000164548,5.183341256179788
5959,ENSG00000164574,4.818072946275134
5960,ENSG00000164576,4.956902609825472
5961,ENSG00000164587,6.675326658950608
5962,ENSG00000164597,4.695100433877391
5963,ENSG00000164609,5.108079001738348
5964,ENSG00000164610,5.177901582061037
5965,ENSG00000164611,6.176608410761591
5966,ENSG00000164615,6.304141392922252
5967,ENSG00000164620,6.6476864066919426
5968,ENSG00000164626,5.0563602545572
5969,ENSG00000164631,4.197286196009334
5970,ENSG00000164654,6.246395935235014
5971,ENSG00000164659,6.184689883220784
5972,ENSG00000164663,3.615368838788673
5973,ENSG00000164687,7.021672127329477
5974,ENSG00000164713,5.923765758297865
5975,ENSG00000164715,5.489600572118854
5976,ENSG00000164733,6.28931954101922
5977,ENSG00000164751,5.833203635828225
5978,ENSG00000164754,5.827390408760295
5979,ENSG00000164758,5.196065414862186
5980,ENSG00000164808,4.759344269856238
5981,ENSG00000164815,5.750140704743932
5982,ENSG00000164818,6.290638300634147
5983,ENSG00000164823,5.653172710068424
5984,ENSG00000164828,5.910628695667072
5985,ENSG00000164867,6.755924050203809
5986,ENSG00000164877,6.195084305184932
5987,ENSG00000164880,6.559611098051265
5988,ENSG00000164885,5.71292915956822
5989,ENSG00000164889,5.765600420111447
5990,ENSG00000164896,6.080579878702144
5991,ENSG00000164897,6.776649969246944
5992,ENSG00000164898,5.181968075259969
5993,ENSG00000164916,5.793600796495746
5994,ENSG00000164919,6.067423042033724
5995,ENSG00000164920,5.313452007613926
5996,ENSG00000164924,6.192984072268598
5997,ENSG00000164930,5.570015692343143
5998,ENSG00000164933,5.464217674036184
5999,ENSG00000164934,6.545615459205442
6000,ENSG00000164938,5.174354915868957
6001,ENSG00000164941,6.245553689334595
6002,ENSG00000164944,5.314021437412619
6003,ENSG00000164949,4.505518236541838
6004,ENSG00000164961,5.682319380800503
6005,ENSG00000164967,5.817738766725331
6006,ENSG00000164970,5.975002292652638
6007,ENSG00000164975,6.110142931905046
6008,ENSG00000164978,6.492138036187816
6009,ENSG00000164983,5.961532359341796
6010,ENSG00000164985,6.307628098996441
6011,ENSG00000165006,5.152324952712393
6012,ENSG00000165025,5.772670140880515
6013,ENSG00000165055,5.384660044198499
6014,ENSG00000165060,6.577844339820956
6015,ENSG00000165092,7.1407995695598085
6016,ENSG00000165097,7.087805962527543
6017,ENSG00000165102,6.5994940082406055
6018,ENSG00000165113,5.373537880415527
6019,ENSG00000165118,5.080436962593869
6020,ENSG00000165119,6.106234252728978
6021,ENSG00000165138,6.129811235966716
6022,ENSG00000165156,5.840342422622402
6023,ENSG00000165185,6.139890722037405
6024,ENSG00000165209,6.213126919839555
6025,ENSG00000165219,5.533852607615399
6026,ENSG00000165233,6.719046479614909
6027,ENSG00000165240,6.488938944559741
6028,ENSG00000165244,3.935565822906366
6029,ENSG00000165264,6.485087637804153
6030,ENSG00000165271,5.876041110809119
6031,ENSG00000165272,5.569061789912191
6032,ENSG00000165275,5.438723853807428
6033,ENSG00000165280,5.352017372161843
6034,ENSG00000165282,5.566987809657749
6035,ENSG00000165283,7.048998973920285
6036,ENSG00000165288,6.8462264576097045
6037,ENSG00000165304,6.083591360319727
6038,ENSG00000165322,5.442400007230567
6039,ENSG00000165338,4.688144497890397
6040,ENSG00000165355,4.718950289676439
6041,ENSG00000165359,5.410449615179841
6042,ENSG00000165392,5.75483127997528
6043,ENSG00000165406,5.363132218983206
6044,ENSG00000165410,4.313714145932241
6045,ENSG00000165416,6.197190336445652
6046,ENSG00000165417,4.829369893120926
6047,ENSG00000165424,5.534354299137347
6048,ENSG00000165434,5.826161050172149
6049,ENSG00000165449,7.258164532433861
6050,ENSG00000165458,6.0157433370506865
6051,ENSG00000165476,5.626892302233276
6052,ENSG00000165480,5.534742467076696
6053,ENSG00000165487,6.31987435013319
6054,ENSG00000165494,4.624155735367949
6055,ENSG00000165502,5.572262668453494
6056,ENSG00000165516,5.23018438700074
6057,ENSG00000165525,5.738194580864926
6058,ENSG00000165526,5.911614486764258
6059,ENSG00000165527,5.577857726395826
6060,ENSG00000165533,6.553202440798015
6061,ENSG00000165609,6.435025765435809
6062,ENSG00000165626,6.298642303644249
6063,ENSG00000165629,6.617716049179844
6064,ENSG00000165630,4.87276733803348
6065,ENSG00000165632,4.636318724570009
6066,ENSG00000165637,6.223438875305897
6067,ENSG00000165650,6.10975219240992
6068,ENSG00000165660,4.854569543133576
6069,ENSG00000165661,5.864302900355547
6070,ENSG00000165669,5.593710205225461
6071,ENSG00000165671,5.226643843786676
6072,ENSG00000165672,6.691588365634985
6073,ENSG00000165675,5.939618611244958
6074,ENSG00000165678,6.847117847127924
6075,ENSG00000165684,5.2696802567134995
6076,ENSG00000165688,5.547797469168284
6077,ENSG00000165689,5.226944005537021
6078,ENSG00000165699,5.286508129565171
6079,ENSG00000165702,4.799129612990674
6080,ENSG00000165704,7.877698895679164
6081,ENSG00000165724,5.98720669934038
6082,ENSG00000165732,6.079752562054207
6083,ENSG00000165733,5.592688594446972
6084,ENSG00000165752,7.179516717045832
6085,ENSG00000165775,6.452506430695974
6086,ENSG00000165782,4.8286915391024365
6087,ENSG00000165792,5.535464023533576
6088,ENSG00000165795,5.8321945834540045
6089,ENSG00000165801,4.925238359371684
6090,ENSG00000165804,5.512264020485773
6091,ENSG00000165813,5.18275002067733
6092,ENSG00000165821,5.151867167661028
6093,ENSG00000165832,4.760237397317892
6094,ENSG00000165861,5.055469723612616
6095,ENSG00000165891,5.6212977381084075
6096,ENSG00000165898,6.103219179819759
6097,ENSG00000165912,6.6111235826355
6098,ENSG00000165916,5.854592024561365
6099,ENSG00000165934,5.841249373417318
6100,ENSG00000165943,5.204716113420113
6101,ENSG00000165948,7.236307323855848
6102,ENSG00000165983,5.5948877259783565
6103,ENSG00000165997,5.384070507483532
6104,ENSG00000166004,4.9738479415632035
6105,ENSG00000166024,5.030218062465036
6106,ENSG00000166025,6.359293674167819
6107,ENSG00000166037,6.441359767838579
6108,ENSG00000166046,4.989241857429103
6109,ENSG00000166049,6.277381143101225
6110,ENSG00000166068,5.309512714924777
6111,ENSG00000166128,5.8479326188850935
6112,ENSG00000166133,4.393581888547922
6113,ENSG00000166135,5.756980946125088
6114,ENSG00000166136,6.797594851104872
6115,ENSG00000166140,6.264874433619234
6116,ENSG00000166164,5.679858522318854
6117,ENSG00000166165,6.7527598620058225
6118,ENSG00000166166,4.9675843450269515
6119,ENSG00000166167,6.121394049531763
6120,ENSG00000166169,8.795578382629367
6121,ENSG00000166181,6.218762254314962
6122,ENSG00000166197,6.3065239535191875
6123,ENSG00000166199,5.185156329349145
6124,ENSG00000166200,5.9997555243180924
6125,ENSG00000166224,5.372927573725409
6126,ENSG00000166225,4.3592415136909874
6127,ENSG00000166226,6.414988693103239
6128,ENSG00000166228,7.594955870067646
6129,ENSG00000166233,5.25362584695549
6130,ENSG00000166260,6.274550030186875
6131,ENSG00000166261,4.388272046698932
6132,ENSG00000166263,5.02388544650275
6133,ENSG00000166266,5.02335966910651
6134,ENSG00000166268,3.3458733754217427
6135,ENSG00000166272,4.431883433713155
6136,ENSG00000166275,5.408149440106306
6137,ENSG00000166289,4.649346856877789
6138,ENSG00000166295,7.35704108504092
6139,ENSG00000166311,6.1557391766513545
6140,ENSG00000166326,5.635191001347967
6141,ENSG00000166333,6.512030047556024
6142,ENSG00000166337,6.486148672445851
6143,ENSG00000166340,6.741432263209704
6144,ENSG00000166343,4.673506174776752
6145,ENSG00000166348,4.958508455294503
6146,ENSG00000166377,4.893905479874669
6147,ENSG00000166398,5.475227312595491
6148,ENSG00000166411,6.572955959399926
6149,ENSG00000166435,5.094629095573648
6150,ENSG00000166436,5.629888172017794
6151,ENSG00000166439,4.457375548408754
6152,ENSG00000166441,6.627900336060822
6153,ENSG00000166450,5.975226599018878
6154,ENSG00000166451,4.560931053874435
6155,ENSG00000166452,6.278609380094241
6156,ENSG00000166454,4.83869550137436
6157,ENSG00000166471,6.187945287693611
6158,ENSG00000166477,6.14770408198243
6159,ENSG00000166478,5.146288173640376
6160,ENSG00000166479,4.950571172474458
6161,ENSG00000166483,4.523851094395301
6162,ENSG00000166484,4.938187425984772
6163,ENSG00000166501,6.267148638338935
6164,ENSG00000166503,6.9996633947681595
6165,ENSG00000166507,5.603457405333686
6166,ENSG00000166508,5.293080644324281
6167,ENSG00000166526,4.3767460755532115
6168,ENSG00000166529,4.633413861624829
6169,ENSG00000166532,5.435307901380541
6170,ENSG00000166557,7.079148715697185
6171,ENSG00000166562,7.091006103539513
6172,ENSG00000166575,6.1233288274603215
6173,ENSG00000166579,5.298631545321337
6174,ENSG00000166582,7.0594847274780905
6175,ENSG00000166592,4.341075491837631
6176,ENSG00000166595,6.455234999942016
6177,ENSG00000166598,7.042188532305291
6178,ENSG00000166619,6.1175920658735246
6179,ENSG00000166669,4.928831836098546
6180,ENSG00000166685,5.512515993838432
6181,ENSG00000166689,4.531114453129625
6182,ENSG00000166704,4.044740277987209
6183,ENSG00000166710,6.611370576370973
6184,ENSG00000166716,5.04552939282432
6185,ENSG00000166734,5.936499200788153
6186,ENSG00000166747,4.868576265173973
6187,ENSG00000166783,5.555370463013129
6188,ENSG00000166788,5.515500923961142
6189,ENSG00000166793,4.723954920012137
6190,ENSG00000166794,6.423215002692414
6191,ENSG00000166797,6.837399442315079
6192,ENSG00000166801,4.851582429423686
6193,ENSG00000166803,6.4394878016445904
6194,ENSG00000166822,5.850822033551505
6195,ENSG00000166847,5.592085614064677
6196,ENSG00000166848,5.534103576751143
6197,ENSG00000166851,5.150694279870664
6198,ENSG00000166855,5.557382318870781
6199,ENSG00000166881,6.194123399928932
6200,ENSG00000166886,3.9838386924964135
6201,ENSG00000166887,5.517019191001586
6202,ENSG00000166888,6.618725403440006
6203,ENSG00000166889,5.128795027635038
6204,ENSG00000166900,4.949662064719055
6205,ENSG00000166902,6.813435769586577
6206,ENSG00000166908,5.771850068474154
6207,ENSG00000166912,4.27766030694601
6208,ENSG00000166913,6.097155078275847
6209,ENSG00000166925,6.770654777424084
6210,ENSG00000166938,5.921659921803028
6211,ENSG00000166946,5.975910813328519
6212,ENSG00000166949,4.756423038001463
6213,ENSG00000166963,5.596868355652001
6214,ENSG00000166965,5.959879853858149
6215,ENSG00000166974,6.049483361243988
6216,ENSG00000166986,6.302958686046117
6217,ENSG00000166987,5.817634256761944
6218,ENSG00000166997,7.833729111982092
6219,ENSG00000167004,6.4808309683413885
6220,ENSG00000167005,6.241993009781313
6221,ENSG00000167085,6.751487279628787
6222,ENSG00000167088,5.431607469953464
6223,ENSG00000167103,3.7554537284854184
6224,ENSG00000167106,5.000636277447457
6225,ENSG00000167107,6.605657503712325
6226,ENSG00000167110,6.197185633791688
6227,ENSG00000167112,5.363466940908706
6228,ENSG00000167113,6.566786315033859
6229,ENSG00000167114,5.9919081769329505
6230,ENSG00000167118,5.525268463297645
6231,ENSG00000167130,5.254370556868355
6232,ENSG00000167136,6.2397338609484985
6233,ENSG00000167173,4.499803279900514
6234,ENSG00000167182,5.288046319729026
6235,ENSG00000167186,5.000519309061174
6236,ENSG00000167193,5.055884365854764
6237,ENSG00000167196,6.465145426496829
6238,ENSG00000167220,6.22714582676981
6239,ENSG00000167232,5.527033068729909
6240,ENSG00000167257,5.711198240971554
6241,ENSG00000167258,4.578468371208201
6242,ENSG00000167264,5.02144993980282
6243,ENSG00000167272,7.265635874831431
6244,ENSG00000167283,6.428174562276659
6245,ENSG00000167302,5.6354879537971225
6246,ENSG00000167315,6.734973081807325
6247,ENSG00000167323,6.398692650829763
6248,ENSG00000167325,6.382036090401477
6249,ENSG00000167333,5.776841995210951
6250,ENSG00000167355,7.224956107227515
6251,ENSG00000167363,6.8281841789698134
6252,ENSG00000167377,5.009284308685621
6253,ENSG00000167380,4.324977286511327
6254,ENSG00000167384,4.052265399987583
6255,ENSG00000167394,4.823506067907137
6256,ENSG00000167395,3.8160708079243983
6257,ENSG00000167397,6.307733407776831
6258,ENSG00000167447,4.423916665424442
6259,ENSG00000167460,5.488718850725078
6260,ENSG00000167461,5.380840683263092
6261,ENSG00000167468,6.589730087582989
6262,ENSG00000167470,4.72504501522332
6263,ENSG00000167487,4.862250449065895
6264,ENSG00000167491,5.487513936298057
6265,ENSG00000167508,7.197985685323315
6266,ENSG00000167513,6.030134269203232
6267,ENSG00000167515,7.288870567221238
6268,ENSG00000167522,6.025008503952132
6269,ENSG00000167524,5.458862011418371
6270,ENSG00000167526,7.171933356485548
6271,ENSG00000167528,5.041954957974938
6272,ENSG00000167536,6.13868562277608
6273,ENSG00000167548,5.65222742617823
6274,ENSG00000167549,4.910772889446585
6275,ENSG00000167550,5.256230804315799
6276,ENSG00000167552,5.692573340178403
6277,ENSG00000167553,5.738398456359881
6278,ENSG00000167565,3.7916334707340598
6279,ENSG00000167566,5.432676140217683
6280,ENSG00000167578,7.112865349626279
6281,ENSG00000167601,5.177657045058237
6282,ENSG00000167604,4.101241992861455
6283,ENSG00000167615,5.392987560801199
6284,ENSG00000167625,3.9439437839621627
6285,ENSG00000167632,4.864784028331079
6286,ENSG00000167635,6.153163792997041
6287,ENSG00000167637,4.469703512858492
6288,ENSG00000167641,6.792236366732978
6289,ENSG00000167645,10.553600669001359
6290,ENSG00000167657,5.519698901078448
6291,ENSG00000167658,6.78364265544276
6292,ENSG00000167670,4.890100142551266
6293,ENSG00000167671,5.946660357674322
6294,ENSG00000167674,6.119436984625488
6295,ENSG00000167685,6.755743545280434
6296,ENSG00000167695,4.93465913455846
6297,ENSG00000167699,5.959073193933743
6298,ENSG00000167700,7.820994781763176
6299,ENSG00000167702,6.136893348297244
6300,ENSG00000167705,5.86677397925117
6301,ENSG00000167720,6.9663264423408116
6302,ENSG00000167721,5.655755476047333
6303,ENSG00000167747,5.353287067840071
6304,ENSG00000167748,6.653169001269196
6305,ENSG00000167759,6.459758214115431
6306,ENSG00000167766,5.0356951042941525
6307,ENSG00000167770,5.985048996128513
6308,ENSG00000167774,6.477258764158427
6309,ENSG00000167775,7.24305304154772
6310,ENSG00000167778,6.4970487429115575
6311,ENSG00000167785,5.150054232415838
6312,ENSG00000167792,7.964445516098176
6313,ENSG00000167797,6.084200283626236
6314,ENSG00000167807,6.151725972355632
6315,ENSG00000167815,7.3165204995736755
6316,ENSG00000167840,6.045208291461184
6317,ENSG00000167842,4.759562209645253
6318,ENSG00000167862,6.0175600043924495
6319,ENSG00000167863,6.8218658352436945
6320,ENSG00000167900,5.774266385581932
6321,ENSG00000167904,5.44823852068095
6322,ENSG00000167925,6.728914610835547
6323,ENSG00000167930,6.279321351367989
6324,ENSG00000167962,5.982906622745198
6325,ENSG00000167965,6.569643213108274
6326,ENSG00000167967,6.127790709082264
6327,ENSG00000167969,7.098474961419723
6328,ENSG00000167977,5.1290616099931325
6329,ENSG00000167978,5.8403597552411535
6330,ENSG00000167981,3.918675630729716
6331,ENSG00000167985,5.42775536007926
6332,ENSG00000167986,6.144187480507248
6333,ENSG00000167987,5.893519599837454
6334,ENSG00000167992,4.082941959907882
6335,ENSG00000167994,5.906038623613325
6336,ENSG00000167996,6.638439937721156
6337,ENSG00000168002,6.505139008075258
6338,ENSG00000168003,5.303811132261443
6339,ENSG00000168005,5.321537968566065
6340,ENSG00000168014,4.834129262221377
6341,ENSG00000168028,7.24933430571056
6342,ENSG00000168036,5.641032012159882
6343,ENSG00000168040,4.578021509013821
6344,ENSG00000168066,5.358767231699307
6345,ENSG00000168078,6.613546791651871
6346,ENSG00000168090,7.820984366730623
6347,ENSG00000168092,5.34567861741142
6348,ENSG00000168096,5.657522967748778
6349,ENSG00000168101,7.0247445549236085
6350,ENSG00000168116,4.376303112627841
6351,ENSG00000168118,5.292558134826395
6352,ENSG00000168152,5.043854906542924
6353,ENSG00000168159,6.530026209162851
6354,ENSG00000168172,5.551300535978118
6355,ENSG00000168175,5.484947206826657
6356,ENSG00000168209,4.829166923837114
6357,ENSG00000168214,5.834268369193158
6358,ENSG00000168216,5.515803851495486
6359,ENSG00000168228,5.639723439547657
6360,ENSG00000168255,5.169252878799398
6361,ENSG00000168256,5.576740406083262
6362,ENSG00000168259,5.816883214906403
6363,ENSG00000168264,6.162987163506541
6364,ENSG00000168268,6.310551839890405
6365,ENSG00000168273,5.492623257513501
6366,ENSG00000168275,5.510149696811969
6367,ENSG00000168283,5.645136836805146
6368,ENSG00000168288,6.209666372369879
6369,ENSG00000168291,5.705207169295658
6370,ENSG00000168297,6.789521071803075
6371,ENSG00000168300,6.082042482958985
6372,ENSG00000168303,6.10676803613477
6373,ENSG00000168310,5.3483291719572374
6374,ENSG00000168374,5.635219794986258
6375,ENSG00000168385,6.320418372228528
6376,ENSG00000168386,4.671034794536177
6377,ENSG00000168393,6.759574225847995
6378,ENSG00000168395,5.691771007628425
6379,ENSG00000168397,5.969971178469647
6380,ENSG00000168411,5.007095146243102
6381,ENSG00000168421,5.155255047603901
6382,ENSG00000168434,5.998199201431442
6383,ENSG00000168438,5.448344476500141
6384,ENSG00000168439,6.283902641984819
6385,ENSG00000168476,5.383371410221866
6386,ENSG00000168477,6.16897476976184
6387,ENSG00000168487,6.093769718740354
6388,ENSG00000168488,5.957183848665275
6389,ENSG00000168495,5.786061311327195
6390,ENSG00000168496,5.622199910751712
6391,ENSG00000168502,5.924284405158233
6392,ENSG00000168522,5.83662174634351
6393,ENSG00000168538,6.412419322087905
6394,ENSG00000168564,4.240132794772821
6395,ENSG00000168566,5.624783928563257
6396,ENSG00000168569,7.14752807574894
6397,ENSG00000168575,5.101462783336004
6398,ENSG00000168591,5.46942651700188
6399,ENSG00000168610,6.133471544978036
6400,ENSG00000168612,4.123084395965745
6401,ENSG00000168615,5.724971301105465
6402,ENSG00000168653,6.477551802237279
6403,ENSG00000168661,5.082158827893206
6404,ENSG00000168701,5.500637992619547
6405,ENSG00000168710,6.421212987194095
6406,ENSG00000168724,5.945307591216277
6407,ENSG00000168734,6.093910274263269
6408,ENSG00000168754,7.173345169136588
6409,ENSG00000168758,5.133388239862378
6410,ENSG00000168765,7.490707229381919
6411,ENSG00000168769,4.905854974498065
6412,ENSG00000168795,4.44452171373909
6413,ENSG00000168802,4.845659068569211
6414,ENSG00000168803,5.623149525849112
6415,ENSG00000168813,4.730704417887577
6416,ENSG00000168818,5.385462787949891
6417,ENSG00000168827,5.889616262775399
6418,ENSG00000168872,5.765303492762923
6419,ENSG00000168876,4.177049911896832
6420,ENSG00000168883,5.387810031288407
6421,ENSG00000168884,5.806233404806181
6422,ENSG00000168887,6.476117016171777
6423,ENSG00000168890,6.616811268542767
6424,ENSG00000168894,6.041040314275437
6425,ENSG00000168906,5.455716242049304
6426,ENSG00000168916,5.292812417955919
6427,ENSG00000168924,6.2087114202234135
6428,ENSG00000168944,5.465873981238807
6429,ENSG00000168958,6.818957873653447
6430,ENSG00000168961,5.244195683588916
6431,ENSG00000168970,5.195871226362712
6432,ENSG00000169016,4.821428915855435
6433,ENSG00000169018,4.842250823527832
6434,ENSG00000169020,6.286882489189489
6435,ENSG00000169021,5.762982908279575
6436,ENSG00000169032,6.330954695815696
6437,ENSG00000169045,7.159299656411307
6438,ENSG00000169057,5.340156366573611
6439,ENSG00000169062,5.908679447867558
6440,ENSG00000169071,5.803681294404414
6441,ENSG00000169118,4.724047688260517
6442,ENSG00000169131,5.090339582366897
6443,ENSG00000169136,6.2371488373011195
6444,ENSG00000169139,5.8342047043815635
6445,ENSG00000169155,4.52784145049919
6446,ENSG00000169169,5.803638569025175
6447,ENSG00000169180,6.1660044026744485
6448,ENSG00000169188,6.4625716514510305
6449,ENSG00000169189,7.4242705294079325
6450,ENSG00000169217,5.6168158459283095
6451,ENSG00000169220,6.897695509793322
6452,ENSG00000169221,5.5542138886631385
6453,ENSG00000169223,6.247304127637076
6454,ENSG00000169228,6.648210700363376
6455,ENSG00000169230,6.418895876259967
6456,ENSG00000169241,7.685478531592717
6457,ENSG00000169242,4.875648037128268
6458,ENSG00000169249,5.470733042851096
6459,ENSG00000169251,5.7334167293208935
6460,ENSG00000169288,5.104703114061782
6461,ENSG00000169299,7.331419020406771
6462,ENSG00000169359,5.807758356453346
6463,ENSG00000169371,5.575053477928901
6464,ENSG00000169375,4.740749258524013
6465,ENSG00000169398,5.072078002631165
6466,ENSG00000169410,6.236581664903824
6467,ENSG00000169429,4.261279215112125
6468,ENSG00000169432,6.802451857416367
6469,ENSG00000169442,6.0547774816795075
6470,ENSG00000169446,5.719843364309846
6471,ENSG00000169490,4.974871457674717
6472,ENSG00000169499,5.520591924867572
6473,ENSG00000169504,5.688436962701391
6474,ENSG00000169519,6.243646627937802
6475,ENSG00000169548,4.283043322106057
6476,ENSG00000169550,5.942423288440549
6477,ENSG00000169554,4.352858455250164
6478,ENSG00000169567,6.678503774760469
6479,ENSG00000169592,5.705464499322253
6480,ENSG00000169598,4.823447067278828
6481,ENSG00000169599,5.850550308046571
6482,ENSG00000169604,4.812094271029229
6483,ENSG00000169607,4.8513617627812335
6484,ENSG00000169612,5.053742635746519
6485,ENSG00000169635,5.303927288301157
6486,ENSG00000169641,4.2537316945187955
6487,ENSG00000169679,5.967543290443295
6488,ENSG00000169682,6.5346405347236525
6489,ENSG00000169683,6.436726008340053
6490,ENSG00000169684,6.862111174063534
6491,ENSG00000169689,7.657232349485816
6492,ENSG00000169692,6.001334127122641
6493,ENSG00000169696,6.141499111253752
6494,ENSG00000169710,6.8513525507433375
6495,ENSG00000169714,6.511989556042668
6496,ENSG00000169718,6.784122871116951
6497,ENSG00000169727,7.1498568603505674
6498,ENSG00000169733,6.736628321573767
6499,ENSG00000169738,7.555672153271037
6500,ENSG00000169756,5.9577904663212875
6501,ENSG00000169762,5.345320213535926
6502,ENSG00000169764,5.983654147943422
6503,ENSG00000169813,5.407971016782749
6504,ENSG00000169814,5.00471448154679
6505,ENSG00000169857,5.955197957433229
6506,ENSG00000169871,5.322584725542162
6507,ENSG00000169895,6.184410793530631
6508,ENSG00000169896,7.201112648070665
6509,ENSG00000169905,5.39982503961922
6510,ENSG00000169914,4.986880646031403
6511,ENSG00000169919,6.6116483456118535
6512,ENSG00000169925,6.021602461472964
6513,ENSG00000169951,4.526256141548527
6514,ENSG00000169967,4.5558597511748395
6515,ENSG00000169972,6.71688706830034
6516,ENSG00000169981,3.9555991728247406
6517,ENSG00000169992,6.473950838570188
6518,ENSG00000170004,6.561169277532478
6519,ENSG00000170027,5.597428346994101
6520,ENSG00000170035,6.8197899475559485
6521,ENSG00000170037,5.677854242641671
6522,ENSG00000170043,6.841131051943263
6523,ENSG00000170049,3.4673763185892237
6524,ENSG00000170085,5.712940715551695
6525,ENSG00000170088,6.116425887620116
6526,ENSG00000170142,7.333868750282473
6527,ENSG00000170144,5.9698133182301945
6528,ENSG00000170145,5.362171818105599
6529,ENSG00000170180,6.817525770666184
6530,ENSG00000170185,5.231202260223562
6531,ENSG00000170234,5.66468086289421
6532,ENSG00000170242,5.610870203905019
6533,ENSG00000170248,5.86836700454918
6534,ENSG00000170260,4.881628670123865
6535,ENSG00000170265,5.111097825489455
6536,ENSG00000170266,5.485336437095974
6537,ENSG00000170271,5.261340762103439
6538,ENSG00000170275,7.149713821201176
6539,ENSG00000170291,5.3841039188972255
6540,ENSG00000170296,6.328211286998641
6541,ENSG00000170312,5.820883727507269
6542,ENSG00000170315,5.726780261095549
6543,ENSG00000170322,5.677493916931419
6544,ENSG00000170325,5.3695720839455
6545,ENSG00000170340,4.89081915021347
6546,ENSG00000170345,4.110067412988018
6547,ENSG00000170348,6.374348574749401
6548,ENSG00000170364,4.9887657848389635
6549,ENSG00000170385,4.115801694251447
6550,ENSG00000170412,5.8190661983181196
6551,ENSG00000170421,5.506554353257283
6552,ENSG00000170445,6.087687483157777
6553,ENSG00000170448,6.1059851363942546
6554,ENSG00000170456,5.092038259475877
6555,ENSG00000170471,5.761901842121017
6556,ENSG00000170473,5.071534252311967
6557,ENSG00000170500,4.354767876503315
6558,ENSG00000170502,6.018705554390899
6559,ENSG00000170515,6.4661945659966475
6560,ENSG00000170522,6.936298773258517
6561,ENSG00000170525,4.914351070591284
6562,ENSG00000170537,5.070047441419054
6563,ENSG00000170540,5.36678059633472
6564,ENSG00000170542,6.3476118175082785
6565,ENSG00000170581,6.165309431128071
6566,ENSG00000170584,5.803830689224752
6567,ENSG00000170606,6.280870820835236
6568,ENSG00000170619,5.026900505133252
6569,ENSG00000170627,6.092679584716813
6570,ENSG00000170631,4.088215160533553
6571,ENSG00000170632,6.9456927303620235
6572,ENSG00000170633,5.677978151904231
6573,ENSG00000170638,6.624366766381766
6574,ENSG00000170653,5.420519772449416
6575,ENSG00000170689,6.072000677983394
6576,ENSG00000170734,4.782903923274566
6577,ENSG00000170759,5.446158345369076
6578,ENSG00000170779,4.9690149248798035
6579,ENSG00000170791,6.25363297291368
6580,ENSG00000170802,5.180407628341863
6581,ENSG00000170832,5.591697337189739
6582,ENSG00000170835,5.645274163187115
6583,ENSG00000170836,4.264070439626771
6584,ENSG00000170846,5.837481629376373
6585,ENSG00000170852,4.993045123851128
6586,ENSG00000170854,6.841160346102554
6587,ENSG00000170860,6.188674347308335
6588,ENSG00000170871,4.464732366979862
6589,ENSG00000170876,5.002338837410618
6590,ENSG00000170881,4.717342581788085
6591,ENSG00000170889,6.184692306435131
6592,ENSG00000170892,5.450022481931982
6593,ENSG00000170903,5.2642052044717405
6594,ENSG00000170906,6.03377424391844
6595,ENSG00000170919,6.205446728054438
6596,ENSG00000170949,5.2427155386721775
6597,ENSG00000171055,6.805470864415895
6598,ENSG00000171067,6.246900619816101
6599,ENSG00000171097,6.8770950273976
6600,ENSG00000171103,6.293391599211846
6601,ENSG00000171109,5.821486679463704
6602,ENSG00000171135,4.572676737595984
6603,ENSG00000171148,6.028316271774261
6604,ENSG00000171155,6.27693928635505
6605,ENSG00000171159,7.640387264189524
6606,ENSG00000171161,5.757921879585434
6607,ENSG00000171163,6.4973579707440905
6608,ENSG00000171169,5.153502287218087
6609,ENSG00000171202,7.369188493217371
6610,ENSG00000171204,7.044104354416615
6611,ENSG00000171206,5.534173803231808
6612,ENSG00000171219,5.840405846843604
6613,ENSG00000171222,6.466701065901043
6614,ENSG00000171236,6.115461903639474
6615,ENSG00000171241,5.111011096746024
6616,ENSG00000171262,6.345664688903313
6617,ENSG00000171295,4.751336852924875
6618,ENSG00000171302,5.8147921902322235
6619,ENSG00000171310,5.67951639221681
6620,ENSG00000171311,6.5321604047709805
6621,ENSG00000171314,5.932558501698704
6622,ENSG00000171320,5.080125221459556
6623,ENSG00000171345,5.7510287817231065
6624,ENSG00000171365,6.687923109185291
6625,ENSG00000171421,5.991726601205255
6626,ENSG00000171425,4.938958370103624
6627,ENSG00000171428,4.894146075577982
6628,ENSG00000171453,5.126328789907515
6629,ENSG00000171456,5.175698726804116
6630,ENSG00000171466,5.134868172612954
6631,ENSG00000171467,4.815216900998071
6632,ENSG00000171469,4.600308157857283
6633,ENSG00000171475,5.377963272980877
6634,ENSG00000171488,6.122879777818125
6635,ENSG00000171490,6.16113761611464
6636,ENSG00000171492,6.081979574475568
6637,ENSG00000171497,6.352442974934694
6638,ENSG00000171503,6.373170465420006
6639,ENSG00000171530,6.534095989281078
6640,ENSG00000171552,6.816836993007571
6641,ENSG00000171566,5.928717436212024
6642,ENSG00000171574,4.679667122468896
6643,ENSG00000171603,6.007174038964493
6644,ENSG00000171604,4.802674688616425
6645,ENSG00000171606,4.917182261741485
6646,ENSG00000171608,5.036986565479196
6647,ENSG00000171612,5.495692571788731
6648,ENSG00000171617,4.81332728776604
6649,ENSG00000171621,4.3105937920699535
6650,ENSG00000171634,5.044517219906875
6651,ENSG00000171681,4.593860149781323
6652,ENSG00000171720,6.2795122125172345
6653,ENSG00000171723,4.7543646645577855
6654,ENSG00000171729,5.1280678231655905
6655,ENSG00000171735,5.017270131365005
6656,ENSG00000171763,3.651733830123583
6657,ENSG00000171772,8.160407576223331
6658,ENSG00000171792,5.699313099144955
6659,ENSG00000171793,5.572708298905271
6660,ENSG00000171806,4.416265046371734
6661,ENSG00000171824,5.547092412280547
6662,ENSG00000171848,5.436670709745374
6663,ENSG00000171853,5.820525205629193
6664,ENSG00000171858,6.626242904053666
6665,ENSG00000171861,5.263344192247842
6666,ENSG00000171862,5.826506597850364
6667,ENSG00000171863,6.376705862943005
6668,ENSG00000171865,5.36956484737777
6669,ENSG00000171867,6.095328988840056
6670,ENSG00000171928,4.153465229839329
6671,ENSG00000171940,5.080757802100039
6672,ENSG00000171943,5.295079733411117
6673,ENSG00000171953,6.530540611064857
6674,ENSG00000171960,6.1120618115278695
6675,ENSG00000171970,4.352471856616514
6676,ENSG00000171984,6.105841458442116
6677,ENSG00000171988,5.0437169496946614
6678,ENSG00000172007,4.485098850349997
6679,ENSG00000172009,6.398414083629596
6680,ENSG00000172037,6.2446440466804525
6681,ENSG00000172046,5.901886757359486
6682,ENSG00000172053,6.6766749652875195
6683,ENSG00000172057,5.438675642873265
6684,ENSG00000172059,4.055334913971516
6685,ENSG00000172062,5.793578052964545
6686,ENSG00000172071,4.568092687584069
6687,ENSG00000172081,4.919872418423322
6688,ENSG00000172086,4.87439941840275
6689,ENSG00000172115,6.296357852106957
6690,ENSG00000172167,5.037358841821707
6691,ENSG00000172172,5.666950892649614
6692,ENSG00000172175,5.491081179818768
6693,ENSG00000172197,6.309702094981657
6694,ENSG00000172232,6.681158638857363
6695,ENSG00000172239,5.74588491656561
6696,ENSG00000172244,5.726783034170179
6697,ENSG00000172262,5.0701025625714395
6698,ENSG00000172269,7.757575921725325
6699,ENSG00000172270,6.344753855856214
6700,ENSG00000172273,5.17909746170963
6701,ENSG00000172292,5.850803730099828
6702,ENSG00000172301,5.447257690544604
6703,ENSG00000172331,5.9238377735993355
6704,ENSG00000172336,5.035573729824064
6705,ENSG00000172339,4.547599450734274
6706,ENSG00000172340,6.380648353807126
6707,ENSG00000172354,6.344242166124928
6708,ENSG00000172361,4.300834107775487
6709,ENSG00000172366,7.013621118541954
6710,ENSG00000172375,5.291376740069099
6711,ENSG00000172409,4.208089793655342
6712,ENSG00000172428,6.259165565815213
6713,ENSG00000172432,6.012979158242408
6714,ENSG00000172466,4.977560011578149
6715,ENSG00000172493,5.251349746803745
6716,ENSG00000172497,4.043571751567556
6717,ENSG00000172500,7.005631735613946
6718,ENSG00000172531,6.302004706896867
6719,ENSG00000172534,5.704124244748239
6720,ENSG00000172586,5.816120274058326
6721,ENSG00000172590,6.805853452190642
6722,ENSG00000172613,6.289167835053331
6723,ENSG00000172661,5.817142141524289
6724,ENSG00000172663,6.371654329922593
6725,ENSG00000172667,5.07955258474447
6726,ENSG00000172725,6.834211664839675
6727,ENSG00000172728,5.64944131053157
6728,ENSG00000172732,5.717218446304757
6729,ENSG00000172748,4.051796466364454
6730,ENSG00000172757,6.040752698368522
6731,ENSG00000172766,5.69470604367731
6732,ENSG00000172771,3.7303716270358187
6733,ENSG00000172775,7.055979965324742
6734,ENSG00000172795,5.975544524338638
6735,ENSG00000172809,6.318545951058776
6736,ENSG00000172830,3.832060977467963
6737,ENSG00000172831,5.601227364067806
6738,ENSG00000172840,5.97865069462294
6739,ENSG00000172845,4.976774990117215
6740,ENSG00000172869,5.858822210989887
6741,ENSG00000172878,7.310868555118958
6742,ENSG00000172888,5.329344150370597
6743,ENSG00000172889,6.220277032097595
6744,ENSG00000172890,5.752329682929573
6745,ENSG00000172893,7.100568633868529
6746,ENSG00000172922,5.7338351496757
6747,ENSG00000172932,5.653026546289514
6748,ENSG00000172936,5.9461779939212285
6749,ENSG00000172939,5.710214469944877
6750,ENSG00000172940,1.3218446546938563
6751,ENSG00000172943,6.34630278840778
6752,ENSG00000172954,5.413006381751974
6753,ENSG00000172965,5.30519860313145
6754,ENSG00000172977,5.028016166687831
6755,ENSG00000172992,6.8934234326891675
6756,ENSG00000173020,6.23383023446
6757,ENSG00000173039,5.610584492014395
6758,ENSG00000173041,5.940586060453257
6759,ENSG00000173064,5.30983016303235
6760,ENSG00000173065,5.287184067178189
6761,ENSG00000173085,5.00800443537732
6762,ENSG00000173113,6.058816311133027
6763,ENSG00000173120,4.435606485587134
6764,ENSG00000173145,6.066685785386116
6765,ENSG00000173153,6.017485011861067
6766,ENSG00000173166,4.849422740748656
6767,ENSG00000173171,5.799414286611139
6768,ENSG00000173193,6.6216106717468834
6769,ENSG00000173207,6.016034646928261
6770,ENSG00000173209,5.064803442549791
6771,ENSG00000173214,5.124971596906974
6772,ENSG00000173218,5.3279263700916495
6773,ENSG00000173226,6.463961765100279
6774,ENSG00000173230,5.287249915294125
6775,ENSG00000173261,3.878286930922646
6776,ENSG00000173272,7.277422880587533
6777,ENSG00000173273,5.821060481417159
6778,ENSG00000173275,5.713613312854941
6779,ENSG00000173276,4.725522216223381
6780,ENSG00000173281,4.420748440382489
6781,ENSG00000173327,5.0607578600838545
6782,ENSG00000173334,3.9690285418634286
6783,ENSG00000173366,6.746552746017132
6784,ENSG00000173409,6.635404676548319
6785,ENSG00000173418,6.219543267944652
6786,ENSG00000173436,6.580438303628703
6787,ENSG00000173442,6.33769772596629
6788,ENSG00000173451,4.80780571576157
6789,ENSG00000173457,6.113524136038732
6790,ENSG00000173465,5.44718235960324
6791,ENSG00000173473,5.6465251707439466
6792,ENSG00000173486,5.98594135060225
6793,ENSG00000173511,7.320903307141327
6794,ENSG00000173517,4.3108791247988165
6795,ENSG00000173540,5.6450753439850825
6796,ENSG00000173542,5.854747221384048
6797,ENSG00000173545,4.761676664684516
6798,ENSG00000173548,5.418706573032641
6799,ENSG00000173559,4.591628428948502
6800,ENSG00000173575,4.540917999569233
6801,ENSG00000173598,6.926008795077144
6802,ENSG00000173599,5.729302897438455
6803,ENSG00000173611,5.482746156550867
6804,ENSG00000173614,5.497397131906284
6805,ENSG00000173653,5.03048629842015
6806,ENSG00000173660,6.253132351804514
6807,ENSG00000173674,6.198620182643535
6808,ENSG00000173681,4.661265823418205
6809,ENSG00000173692,5.5160506528292865
6810,ENSG00000173726,6.411527450308151
6811,ENSG00000173728,5.6255813111591255
6812,ENSG00000173744,6.032107928335156
6813,ENSG00000173757,7.152134475439722
6814,ENSG00000173801,5.81944131409213
6815,ENSG00000173812,5.891258838990041
6816,ENSG00000173821,6.32962286570373
6817,ENSG00000173846,4.257416105236558
6818,ENSG00000173848,5.963479140649855
6819,ENSG00000173852,7.032998305940372
6820,ENSG00000173875,3.780952738405765
6821,ENSG00000173889,5.053276534562408
6822,ENSG00000173894,5.236551543818691
6823,ENSG00000173898,6.473334244110989
6824,ENSG00000173905,5.893091210064925
6825,ENSG00000173914,4.1882543457559995
6826,ENSG00000173915,6.515961877028162
6827,ENSG00000173917,4.931929941616638
6828,ENSG00000173926,4.935451181516306
6829,ENSG00000173928,3.700951851306968
6830,ENSG00000173933,4.645325547977297
6831,ENSG00000173960,5.5999165355578295
6832,ENSG00000173991,4.246819890413966
6833,ENSG00000173992,6.472113536092883
6834,ENSG00000174004,5.452862383829614
6835,ENSG00000174010,4.468398083533445
6836,ENSG00000174013,5.810447811323528
6837,ENSG00000174021,6.268660831130471
6838,ENSG00000174080,6.5121023411060195
6839,ENSG00000174109,5.207373898893545
6840,ENSG00000174151,4.008550699226129
6841,ENSG00000174173,4.824224545152072
6842,ENSG00000174177,7.039955999805182
6843,ENSG00000174197,5.286996589410915
6844,ENSG00000174227,5.7956819967979705
6845,ENSG00000174231,6.010515551998744
6846,ENSG00000174238,5.747439274261628
6847,ENSG00000174243,5.7692967360473375
6848,ENSG00000174353,4.2115372012345835
6849,ENSG00000174358,5.084046440737909
6850,ENSG00000174365,4.906115746304015
6851,ENSG00000174371,5.033986271626496
6852,ENSG00000174373,5.186883499881203
6853,ENSG00000174437,5.726580604682184
6854,ENSG00000174442,6.059148234906156
6855,ENSG00000174444,7.101819946589682
6856,ENSG00000174446,5.5268085644514855
6857,ENSG00000174483,5.209137861187033
6858,ENSG00000174501,4.989953866612132
6859,ENSG00000174547,6.495533380080779
6860,ENSG00000174564,5.405336567566137
6861,ENSG00000174574,5.740929162239689
6862,ENSG00000174579,4.830480023420216
6863,ENSG00000174606,5.597393374891582
6864,ENSG00000174607,6.0620852916756425
6865,ENSG00000174652,5.610738139784925
6866,ENSG00000174669,6.820427049507095
6867,ENSG00000174695,5.94658458161173
6868,ENSG00000174718,5.255888978840455
6869,ENSG00000174720,5.727886483564283
6870,ENSG00000174738,5.034592836494949
6871,ENSG00000174744,5.188417742449026
6872,ENSG00000174748,6.803057599664644
6873,ENSG00000174749,5.881267765513632
6874,ENSG00000174775,6.03307108739314
6875,ENSG00000174780,5.9574259034275405
6876,ENSG00000174796,4.230667032541046
6877,ENSG00000174799,5.2817185828638245
6878,ENSG00000174804,5.023523135850912
6879,ENSG00000174839,5.934427430705641
6880,ENSG00000174840,5.549261270411071
6881,ENSG00000174842,6.4322433258617036
6882,ENSG00000174851,7.188261610616525
6883,ENSG00000174871,3.9569022897336996
6884,ENSG00000174886,5.680824635322207
6885,ENSG00000174891,5.457245806693465
6886,ENSG00000174903,6.199553008590247
6887,ENSG00000174915,6.292625976418866
6888,ENSG00000174917,6.9546077303768
6889,ENSG00000174943,6.017219339679702
6890,ENSG00000174953,5.500936920406978
6891,ENSG00000174989,5.74234425226988
6892,ENSG00000174996,5.583312410174462
6893,ENSG00000175003,3.869171434942215
6894,ENSG00000175054,6.253246709207164
6895,ENSG00000175061,6.444507136611558
6896,ENSG00000175063,3.664757276874856
6897,ENSG00000175066,6.279106179040754
6898,ENSG00000175073,4.5245108767843645
6899,ENSG00000175087,5.207840468786228
6900,ENSG00000175104,4.875544685174766
6901,ENSG00000175105,5.420648956309976
6902,ENSG00000175110,5.583078254718722
6903,ENSG00000175115,6.541771079085643
6904,ENSG00000175137,5.054221478657711
6905,ENSG00000175164,6.011562235332419
6906,ENSG00000175166,6.261206307407456
6907,ENSG00000175193,5.898740314629621
6908,ENSG00000175197,4.912214117270233
6909,ENSG00000175203,6.868590848996323
6910,ENSG00000175213,4.176425602570027
6911,ENSG00000175215,5.473133684743127
6912,ENSG00000175216,5.740693773991278
6913,ENSG00000175220,5.80717090347235
6914,ENSG00000175221,5.738795390406706
6915,ENSG00000175224,5.25331685929721
6916,ENSG00000175279,6.066232589599183
6917,ENSG00000175305,4.3638012416061835
6918,ENSG00000175309,7.017778577719593
6919,ENSG00000175324,5.206272420702515
6920,ENSG00000175334,6.633619247216524
6921,ENSG00000175348,5.21358147192406
6922,ENSG00000175352,6.493833291708797
6923,ENSG00000175354,5.657660408127962
6924,ENSG00000175376,4.811325988576381
6925,ENSG00000175387,5.444126016442677
6926,ENSG00000175390,6.606248161014274
6927,ENSG00000175416,6.697125502020238
6928,ENSG00000175449,3.8972924617357565
6929,ENSG00000175455,6.726722788466763
6930,ENSG00000175467,5.7624836685740854
6931,ENSG00000175470,5.447281401272787
6932,ENSG00000175482,6.596019355705825
6933,ENSG00000175548,6.133775321081028
6934,ENSG00000175550,6.705690206904497
6935,ENSG00000175556,5.199223620313232
6936,ENSG00000175564,4.027266620453078
6937,ENSG00000175567,6.683657638395321
6938,ENSG00000175581,5.814568604643204
6939,ENSG00000175582,6.417976079212533
6940,ENSG00000175592,5.1905523019612065
6941,ENSG00000175595,5.370907711175544
6942,ENSG00000175606,4.989925026594816
6943,ENSG00000175634,6.569514987749368
6944,ENSG00000175662,5.6172479582118635
6945,ENSG00000175691,5.060023944051584
6946,ENSG00000175701,5.13447366083706
6947,ENSG00000175711,6.030880712051368
6948,ENSG00000175727,6.191881991388731
6949,ENSG00000175756,7.600326084714815
6950,ENSG00000175768,5.9691247311056586
6951,ENSG00000175782,5.432071944417926
6952,ENSG00000175792,6.4403025280299895
6953,ENSG00000175826,6.233877037373904
6954,ENSG00000175832,8.013369324450593
6955,ENSG00000175854,6.517899285588595
6956,ENSG00000175866,4.832363738686705
6957,ENSG00000175893,7.60866777365899
6958,ENSG00000175895,4.55039235238886
6959,ENSG00000175931,5.808014812049769
6960,ENSG00000175938,6.006326188914869
6961,ENSG00000175970,6.410627881459378
6962,ENSG00000176014,5.505351120305266
6963,ENSG00000176018,5.650311793468734
6964,ENSG00000176024,4.059628101028903
6965,ENSG00000176055,6.2082271474346475
6966,ENSG00000176058,5.362758032825398
6967,ENSG00000176087,5.728114267981481
6968,ENSG00000176095,4.673178483193327
6969,ENSG00000176101,6.303822898913547
6970,ENSG00000176102,5.33211270470242
6971,ENSG00000176105,5.346678242992472
6972,ENSG00000176108,5.80482494218326
6973,ENSG00000176124,7.127009220071832
6974,ENSG00000176142,5.347956907551905
6975,ENSG00000176170,4.510672822477903
6976,ENSG00000176171,7.127308318630292
6977,ENSG00000176208,5.094508844613126
6978,ENSG00000176225,5.563909186962474
6979,ENSG00000176248,5.877399312214103
6980,ENSG00000176261,6.024616198282245
6981,ENSG00000176340,6.505416062684486
6982,ENSG00000176386,6.198723601748568
6983,ENSG00000176390,6.055715492071003
6984,ENSG00000176393,6.655588881272273
6985,ENSG00000176407,5.425462001363558
6986,ENSG00000176422,4.055415543569123
6987,ENSG00000176444,5.087657857231262
6988,ENSG00000176473,5.674646216058374
6989,ENSG00000176476,5.300916318356726
6990,ENSG00000176542,4.139760958294524
6991,ENSG00000176619,5.88996597855432
6992,ENSG00000176623,6.737623136291775
6993,ENSG00000176658,5.799980433085633
6994,ENSG00000176714,4.9667872635124715
6995,ENSG00000176731,6.012239482245089
6996,ENSG00000176783,5.795866475349983
6997,ENSG00000176845,4.854290871810431
6998,ENSG00000176853,5.363938545744224
6999,ENSG00000176871,6.172447297214253
7000,ENSG00000176890,6.429553708182796
7001,ENSG00000176894,6.014234635901005
7002,ENSG00000176915,4.612040379169356
7003,ENSG00000176946,5.844296403814013
7004,ENSG00000176953,5.663325197161952
7005,ENSG00000176973,4.826627133046715
7006,ENSG00000176974,6.344720473998962
7007,ENSG00000176978,7.9819758525087865
7008,ENSG00000176986,5.016868508328622
7009,ENSG00000176994,4.698675475763072
7010,ENSG00000177030,6.081547327371059
7011,ENSG00000177034,5.239405482952137
7012,ENSG00000177042,5.33511729966026
7013,ENSG00000177051,4.9462413513767585
7014,ENSG00000177054,5.695403545381192
7015,ENSG00000177082,5.615846606994345
7016,ENSG00000177084,5.521571065719956
7017,ENSG00000177105,5.646182431120601
7018,ENSG00000177119,5.527112416925447
7019,ENSG00000177150,4.917229795071102
7020,ENSG00000177156,6.648616550032398
7021,ENSG00000177169,5.828161370481512
7022,ENSG00000177189,5.64515722730983
7023,ENSG00000177192,5.794341875821489
7024,ENSG00000177200,4.038668010772279
7025,ENSG00000177225,5.439072343267586
7026,ENSG00000177238,3.814591429988148
7027,ENSG00000177239,5.984245483301009
7028,ENSG00000177302,5.102745270307039
7029,ENSG00000177311,4.784066063280456
7030,ENSG00000177352,4.761455384620536
7031,ENSG00000177354,4.574601275061391
7032,ENSG00000177370,5.0669556550225865
7033,ENSG00000177406,6.968769814101281
7034,ENSG00000177410,5.104763938355365
7035,ENSG00000177463,4.826644089432967
7036,ENSG00000177469,4.650946399592324
7037,ENSG00000177479,5.726851387792217
7038,ENSG00000177485,5.082899268469466
7039,ENSG00000177548,4.936700136074232
7040,ENSG00000177556,6.698874171409008
7041,ENSG00000177565,5.747877272715771
7042,ENSG00000177576,5.61755518657585
7043,ENSG00000177600,6.809113383493193
7044,ENSG00000177628,6.518307935109636
7045,ENSG00000177646,5.767102817452504
7046,ENSG00000177663,5.704973299026616
7047,ENSG00000177666,6.099332453437028
7048,ENSG00000177674,7.645074915967783
7049,ENSG00000177683,5.314433756923859
7050,ENSG00000177697,6.087782987929493
7051,ENSG00000177700,5.354851368649842
7052,ENSG00000177728,7.219600166087002
7053,ENSG00000177731,6.644236312204217
7054,ENSG00000177830,6.688148340657768
7055,ENSG00000177842,4.407460569904898
7056,ENSG00000177853,5.966306942032431
7057,ENSG00000177868,5.443711776617794
7058,ENSG00000177873,5.021080263483236
7059,ENSG00000177879,6.993888162073517
7060,ENSG00000177885,5.868579609636457
7061,ENSG00000177888,4.9612809011608325
7062,ENSG00000177889,5.639737592170604
7063,ENSG00000177917,5.4883594695734175
7064,ENSG00000177951,5.693942628876972
7065,ENSG00000177954,6.083548574087188
7066,ENSG00000177963,5.589316545312335
7067,ENSG00000177981,5.514363372947128
7068,ENSG00000178028,5.765850490502571
7069,ENSG00000178035,6.805548069522713
7070,ENSG00000178057,6.873356203024858
7071,ENSG00000178074,4.768405191166385
7072,ENSG00000178104,7.488970237264476
7073,ENSG00000178105,5.040307791271393
7074,ENSG00000178127,6.331014215372718
7075,ENSG00000178163,4.0599188931705585
7076,ENSG00000178177,5.091627120804988
7077,ENSG00000178188,5.380034117651826
7078,ENSG00000178202,6.9485886829532975
7079,ENSG00000178209,5.718327414580669
7080,ENSG00000178229,4.098932622680629
7081,ENSG00000178234,7.004996459264301
7082,ENSG00000178252,6.043266074995617
7083,ENSG00000178307,5.537064408710964
7084,ENSG00000178338,4.64676964385821
7085,ENSG00000178381,4.844610468503708
7086,ENSG00000178385,4.091006839581188
7087,ENSG00000178440,5.41381196971443
7088,ENSG00000178449,6.218350873020788
7089,ENSG00000178502,4.469162793598005
7090,ENSG00000178537,5.4797323907505255
7091,ENSG00000178538,5.453896175000762
7092,ENSG00000178607,4.810143466368722
7093,ENSG00000178665,3.4620612019395947
7094,ENSG00000178691,5.288156336312401
7095,ENSG00000178694,4.831944513806175
7096,ENSG00000178719,7.787269639696339
7097,ENSG00000178741,6.464447148169701
7098,ENSG00000178761,5.434370738102161
7099,ENSG00000178773,5.760587602776356
7100,ENSG00000178802,8.14202313508702
7101,ENSG00000178814,7.266455158065452
7102,ENSG00000178878,5.234198993815741
7103,ENSG00000178882,5.879600273651587
7104,ENSG00000178896,5.902333801445247
7105,ENSG00000178904,4.471553499115599
7106,ENSG00000178917,5.46756052069596
7107,ENSG00000178921,6.807546632048223
7108,ENSG00000178950,5.807014698421507
7109,ENSG00000178951,4.592473131300948
7110,ENSG00000178952,7.220094321344694
7111,ENSG00000178971,6.001534913585923
7112,ENSG00000178982,6.7400833574281265
7113,ENSG00000178988,5.473098256934979
7114,ENSG00000178996,6.1277737187828825
7115,ENSG00000178999,4.893733497393211
7116,ENSG00000179010,6.131273926247782
7117,ENSG00000179021,4.636478688505723
7118,ENSG00000179051,6.060655641080702
7119,ENSG00000179059,4.808714005997476
7120,ENSG00000179085,6.950845998141283
7121,ENSG00000179091,6.427668075509809
7122,ENSG00000179115,6.377853493152203
7123,ENSG00000179119,4.829715070762246
7124,ENSG00000179141,3.7996072787742077
7125,ENSG00000179151,5.496549822932211
7126,ENSG00000179163,6.048374058360475
7127,ENSG00000179195,6.513241866708286
7128,ENSG00000179218,6.44016568969356
7129,ENSG00000179241,5.564108954236354
7130,ENSG00000179262,6.496609142507534
7131,ENSG00000179271,6.1264251355281525
7132,ENSG00000179295,5.785883590772164
7133,ENSG00000179335,4.623865445902093
7134,ENSG00000179348,5.2680162620493975
7135,ENSG00000179361,5.192071763727118
7136,ENSG00000179387,6.201292942938334
7137,ENSG00000179409,5.854942744793643
7138,ENSG00000179454,4.452715233034887
7139,ENSG00000179455,6.458758985292153
7140,ENSG00000179523,5.709531428002629
7141,ENSG00000179526,6.377868058946766
7142,ENSG00000179532,6.6374753827103286
7143,ENSG00000179562,4.425764763984837
7144,ENSG00000179588,4.919659439383976
7145,ENSG00000179604,4.748741262832855
7146,ENSG00000179632,5.422374420533082
7147,ENSG00000179750,6.516779171479411
7148,ENSG00000179818,3.8736496361903914
7149,ENSG00000179820,5.642177749829933
7150,ENSG00000179833,4.302225952505046
7151,ENSG00000179889,5.82704844818521
7152,ENSG00000179912,6.507935577342426
7153,ENSG00000179941,5.186995374697976
7154,ENSG00000179943,5.00115691603959
7155,ENSG00000179950,5.6401673272724
7156,ENSG00000179965,5.463840743308375
7157,ENSG00000179981,4.793694617584368
7158,ENSG00000179988,5.319290856218155
7159,ENSG00000180008,4.63917309108971
7160,ENSG00000180035,4.738270261626838
7161,ENSG00000180089,5.359772990836921
7162,ENSG00000180098,6.002563516947118
7163,ENSG00000180104,5.782832645705409
7164,ENSG00000180182,6.13029151153142
7165,ENSG00000180198,5.882199695641284
7166,ENSG00000180228,6.321719024877922
7167,ENSG00000180245,3.8982663718304176
7168,ENSG00000180257,4.2768203702992835
7169,ENSG00000180263,5.367851310628364
7170,ENSG00000180329,5.9577123194138455
7171,ENSG00000180346,4.26446598845117
7172,ENSG00000180357,5.990121172760242
7173,ENSG00000180370,6.2063867818938245
7174,ENSG00000180376,5.273175599581038
7175,ENSG00000180385,5.987146632252785
7176,ENSG00000180398,6.660539422105901
7177,ENSG00000180423,4.257581669030385
7178,ENSG00000180488,4.962672067359465
7179,ENSG00000180530,5.0824292148823265
7180,ENSG00000180573,5.106709336133758
7181,ENSG00000180628,5.454803283436109
7182,ENSG00000180667,4.5826029222981655
7183,ENSG00000180694,4.704142763260985
7184,ENSG00000180776,5.702896569042712
7185,ENSG00000180817,7.278649575845808
7186,ENSG00000180822,6.733453622514739
7187,ENSG00000180855,4.249696276487751
7188,ENSG00000180879,7.000604353886443
7189,ENSG00000180884,4.913104870547927
7190,ENSG00000180900,6.486794907383195
7191,ENSG00000180901,4.899694587576999
7192,ENSG00000180917,4.560378610476579
7193,ENSG00000180921,5.379815276610522
7194,ENSG00000180953,5.239732523655796
7195,ENSG00000180957,6.017944525102385
7196,ENSG00000180964,6.5505735249287635
7197,ENSG00000180979,5.403086514224062
7198,ENSG00000180992,5.596007720591493
7199,ENSG00000181016,4.636711738428036
7200,ENSG00000181019,6.304096335666329
7201,ENSG00000181026,5.326454132148188
7202,ENSG00000181027,4.761092805658981
7203,ENSG00000181035,5.795204143851753
7204,ENSG00000181038,6.451518215163518
7205,ENSG00000181061,7.006609583590351
7206,ENSG00000181090,5.609525507605224
7207,ENSG00000181163,6.302758295695305
7208,ENSG00000181192,6.147372828277061
7209,ENSG00000181220,5.108112745745883
7210,ENSG00000181222,5.713699564558601
7211,ENSG00000181315,4.233429626049791
7212,ENSG00000181396,6.561535161531284
7213,ENSG00000181433,10.185345790861906
7214,ENSG00000181444,4.881220630033921
7215,ENSG00000181472,4.383175113186559
7216,ENSG00000181513,7.063020411185096
7217,ENSG00000181544,5.900489521355471
7218,ENSG00000181555,4.9235885953448415
7219,ENSG00000181610,5.710601351550867
7220,ENSG00000181626,6.108525696384491
7221,ENSG00000181638,4.782229416359097
7222,ENSG00000181649,5.091689315264976
7223,ENSG00000181652,4.431826624811511
7224,ENSG00000181704,6.394191592594616
7225,ENSG00000181751,4.509300802606491
7226,ENSG00000181788,4.948021019601918
7227,ENSG00000181789,5.873011279631723
7228,ENSG00000181817,6.283618155708158
7229,ENSG00000181826,5.229604374216456
7230,ENSG00000181827,5.837799531867388
7231,ENSG00000181852,5.192455900389169
7232,ENSG00000181873,4.784478147001264
7233,ENSG00000181896,4.8537554161723975
7234,ENSG00000181904,5.000369956883915
7235,ENSG00000181924,6.665619622482549
7236,ENSG00000181929,6.118539420852477
7237,ENSG00000182004,6.209920952943938
7238,ENSG00000182054,8.43604372163473
7239,ENSG00000182087,6.374751645504802
7240,ENSG00000182093,6.739712762338577
7241,ENSG00000182095,4.902899254985036
7242,ENSG00000182117,5.811136885385788
7243,ENSG00000182118,6.546798071286925
7244,ENSG00000182141,4.734453964877047
7245,ENSG00000182149,6.01013161819096
7246,ENSG00000182150,4.411720143951889
7247,ENSG00000182158,5.209455069313639
7248,ENSG00000182173,6.526991864487848
7249,ENSG00000182179,8.178636425546317
7250,ENSG00000182180,6.319070650396286
7251,ENSG00000182185,6.4708047493168985
7252,ENSG00000182196,7.915360565717918
7253,ENSG00000182199,6.662746528513489
7254,ENSG00000182208,5.738762647519219
7255,ENSG00000182223,5.580380709249233
7256,ENSG00000182224,4.080166284404668
7257,ENSG00000182307,5.23796375461662
7258,ENSG00000182310,2.5787225900414716
7259,ENSG00000182318,4.277556612036116
7260,ENSG00000182325,6.701273258326659
7261,ENSG00000182362,5.171386901581915
7262,ENSG00000182372,4.645784124812412
7263,ENSG00000182400,5.610351268589126
7264,ENSG00000182446,5.18177962189329
7265,ENSG00000182473,6.443528229242723
7266,ENSG00000182481,5.209587461297923
7267,ENSG00000182504,6.559718188249801
7268,ENSG00000182512,6.3927245799099826
7269,ENSG00000182518,5.717001330931162
7270,ENSG00000182541,5.964073478651917
7271,ENSG00000182544,5.364905819042164
7272,ENSG00000182551,4.979693264303359
7273,ENSG00000182552,6.595419852196255
7274,ENSG00000182583,6.219999187571942
7275,ENSG00000182600,5.13494176146994
7276,ENSG00000182606,5.338078843333311
7277,ENSG00000182628,5.786885500229265
7278,ENSG00000182648,6.186901806973462
7279,ENSG00000182670,5.558910805685446
7280,ENSG00000182712,8.232091309935711
7281,ENSG00000182718,5.669743109102789
7282,ENSG00000182742,5.1764467161834355
7283,ENSG00000182752,4.779382298331032
7284,ENSG00000182768,5.729943331438509
7285,ENSG00000182771,6.540018605174618
7286,ENSG00000182774,6.530733425893874
7287,ENSG00000182795,5.04924641335868
7288,ENSG00000182796,5.5920499518509645
7289,ENSG00000182827,5.30807413232614
7290,ENSG00000182831,5.0229381881346455
7291,ENSG00000182841,4.492736564219297
7292,ENSG00000182858,6.680110795237105
7293,ENSG00000182871,7.8589699494752
7294,ENSG00000182872,5.684241940903221
7295,ENSG00000182899,6.345157177651925
7296,ENSG00000182903,4.661638306823315
7297,ENSG00000182912,7.157139193667637
7298,ENSG00000182923,5.860274952565706
7299,ENSG00000182934,5.9736814811003915
7300,ENSG00000182944,5.468511143013734
7301,ENSG00000182952,6.654198061380384
7302,ENSG00000182973,6.050831940023325
7303,ENSG00000182979,6.758346099456865
7304,ENSG00000182986,4.36955341386169
7305,ENSG00000183010,8.304858098231174
7306,ENSG00000183011,6.4276689675568734
7307,ENSG00000183020,5.484266257089228
7308,ENSG00000183032,6.3368681309338175
7309,ENSG00000183048,6.041453150095041
7310,ENSG00000183060,6.696362329196898
7311,ENSG00000183077,5.9659487128927715
7312,ENSG00000183117,4.621287651644933
7313,ENSG00000183134,4.67425580579057
7314,ENSG00000183137,6.648685100902334
7315,ENSG00000183150,4.053601776265992
7316,ENSG00000183155,4.628268680618612
7317,ENSG00000183166,5.451453979219353
7318,ENSG00000183172,6.781346609800939
7319,ENSG00000183207,7.5044186349002215
7320,ENSG00000183208,4.097869062433098
7321,ENSG00000183255,5.976883605433917
7322,ENSG00000183258,6.371959827018462
7323,ENSG00000183283,5.728382221796915
7324,ENSG00000183291,6.432206033977662
7325,ENSG00000183337,4.49786943527981
7326,ENSG00000183340,5.46442783687263
7327,ENSG00000183386,5.436449125124219
7328,ENSG00000183401,7.743241501623032
7329,ENSG00000183431,5.265378162095062
7330,ENSG00000183458,6.0616912007910715
7331,ENSG00000183475,4.654613029418696
7332,ENSG00000183495,5.450218935370593
7333,ENSG00000183506,5.536992022874363
7334,ENSG00000183508,4.917360813517963
7335,ENSG00000183513,7.213127979076626
7336,ENSG00000183520,5.414948562942108
7337,ENSG00000183527,6.491420023983834
7338,ENSG00000183530,5.071796084216149
7339,ENSG00000183576,6.422922067960063
7340,ENSG00000183579,4.930066981004051
7341,ENSG00000183605,6.218726472186152
7342,ENSG00000183617,5.496735698073465
7343,ENSG00000183624,5.981938157326244
7344,ENSG00000183647,4.625677391682449
7345,ENSG00000183648,6.485342589055191
7346,ENSG00000183666,4.528814431826021
7347,ENSG00000183684,5.411177222714881
7348,ENSG00000183696,3.9360847453195573
7349,ENSG00000183726,6.198335888134153
7350,ENSG00000183735,5.729846482872016
7351,ENSG00000183741,5.899548396649854
7352,ENSG00000183742,5.79846671376605
7353,ENSG00000183751,6.270687204785795
7354,ENSG00000183763,5.592711440416562
7355,ENSG00000183785,3.9599838486925796
7356,ENSG00000183808,5.257469750870437
7357,ENSG00000183814,5.0341661485928695
7358,ENSG00000183826,4.590477177888839
7359,ENSG00000183828,9.151350241468837
7360,ENSG00000183853,5.99293955372238
7361,ENSG00000183856,5.856526874249853
7362,ENSG00000183864,4.654348317325224
7363,ENSG00000183943,6.232150256125363
7364,ENSG00000183955,5.212179545524515
7365,ENSG00000183963,5.914597019548378
7366,ENSG00000183978,6.787859463053507
7367,ENSG00000184007,5.813781018196649
7368,ENSG00000184009,5.890206694007322
7369,ENSG00000184014,5.218491299439963
7370,ENSG00000184029,5.891936684727874
7371,ENSG00000184047,5.673102760644251
7372,ENSG00000184056,5.52426114947996
7373,ENSG00000184058,6.715575246851023
7374,ENSG00000184076,5.810478276657773
7375,ENSG00000184110,6.864037321286048
7376,ENSG00000184162,5.973203122783888
7377,ENSG00000184164,6.009606227896215
7378,ENSG00000184178,4.94767460182334
7379,ENSG00000184182,5.750925287415741
7380,ENSG00000184203,5.684736196068249
7381,ENSG00000184205,4.984633101325896
7382,ENSG00000184208,5.1878953813642985
7383,ENSG00000184209,5.543809126813574
7384,ENSG00000184216,6.362665832705107
7385,ENSG00000184220,6.599810252612932
7386,ENSG00000184232,8.243146227420924
7387,ENSG00000184277,5.161427236588555
7388,ENSG00000184281,4.649487362502761
7389,ENSG00000184319,5.967494802141914
7390,ENSG00000184363,6.7031941177820356
7391,ENSG00000184371,4.846629220074558
7392,ENSG00000184381,6.63260494639875
7393,ENSG00000184384,4.863098829548742
7394,ENSG00000184402,4.934861924891714
7395,ENSG00000184428,6.747835409848672
7396,ENSG00000184432,5.731999850325003
7397,ENSG00000184436,4.808925356595077
7398,ENSG00000184445,6.106379104481051
7399,ENSG00000184470,5.709205530275815
7400,ENSG00000184481,6.161900481029687
7401,ENSG00000184489,6.86117866189193
7402,ENSG00000184500,7.472587475300908
7403,ENSG00000184508,6.580374711793252
7404,ENSG00000184517,5.225200402677011
7405,ENSG00000184545,4.763833489383173
7406,ENSG00000184574,4.883883037909835
7407,ENSG00000184575,6.090031093345346
7408,ENSG00000184584,7.188160490564286
7409,ENSG00000184634,6.24102404417187
7410,ENSG00000184640,6.03330970622597
7411,ENSG00000184661,4.970183034186769
7412,ENSG00000184677,5.360097170436849
7413,ENSG00000184702,5.469475280503293
7414,ENSG00000184743,6.309853486212081
7415,ENSG00000184752,6.1791429397496005
7416,ENSG00000184787,6.173601566420579
7417,ENSG00000184840,6.294863802818995
7418,ENSG00000184857,5.307752309155125
7419,ENSG00000184863,4.862492093500018
7420,ENSG00000184900,5.68859507464124
7421,ENSG00000184922,6.978843607929442
7422,ENSG00000184924,5.081891545183841
7423,ENSG00000184937,6.010956827914164
7424,ENSG00000184967,6.769497044319353
7425,ENSG00000184983,5.926099602066204
7426,ENSG00000184990,5.88331228894549
7427,ENSG00000185000,7.23449768789581
7428,ENSG00000185009,6.103491750988499
7429,ENSG00000185024,5.686395951292824
7430,ENSG00000185043,6.419556615557201
7431,ENSG00000185049,5.92369581719096
7432,ENSG00000185065,4.301026266024091
7433,ENSG00000185085,4.663384386231713
7434,ENSG00000185088,6.2731931232293645
7435,ENSG00000185104,6.081532134397809
7436,ENSG00000185122,6.37194290638277
7437,ENSG00000185133,7.339578352151301
7438,ENSG00000185158,3.9473142773618726
7439,ENSG00000185163,5.995072041672906
7440,ENSG00000185164,6.031004264142773
7441,ENSG00000185187,6.7471197528529965
7442,ENSG00000185189,6.65389948646259
7443,ENSG00000185215,5.594203713071975
7444,ENSG00000185219,4.940344694136077
7445,ENSG00000185220,4.816739858166754
7446,ENSG00000185222,5.907140852373819
7447,ENSG00000185236,6.2646836680098295
7448,ENSG00000185238,6.371556949129198
7449,ENSG00000185246,5.491416013071688
7450,ENSG00000185262,5.257939036105917
7451,ENSG00000185278,4.490370450808718
7452,ENSG00000185298,5.275423657428335
7453,ENSG00000185305,6.187956465847375
7454,ENSG00000185324,6.045372114654719
7455,ENSG00000185338,3.223718532697227
7456,ENSG00000185340,5.235891363483541
7457,ENSG00000185344,5.916582092935441
7458,ENSG00000185347,5.353103827100964
7459,ENSG00000185359,5.86515436768081
7460,ENSG00000185379,5.951012775345097
7461,ENSG00000185404,5.836199841563005
7462,ENSG00000185414,6.359930047680167
7463,ENSG00000185418,4.851158656083437
7464,ENSG00000185420,5.972850795663418
7465,ENSG00000185475,6.567262555469756
7466,ENSG00000185480,6.163804037064372
7467,ENSG00000185482,4.9798465343814025
7468,ENSG00000185485,4.095541687447772
7469,ENSG00000185504,5.602068307893163
7470,ENSG00000185515,5.562174416028954
7471,ENSG00000185551,4.912060718255377
7472,ENSG00000185591,4.9621515567854955
7473,ENSG00000185596,5.2700361122158546
7474,ENSG00000185608,6.632458987578635
7475,ENSG00000185619,5.493698404509894
7476,ENSG00000185624,6.1534822687111195
7477,ENSG00000185627,6.225059132669277
7478,ENSG00000185650,5.158003778532032
7479,ENSG00000185651,5.6546712839626885
7480,ENSG00000185658,5.197204376880057
7481,ENSG00000185670,4.096626564429647
7482,ENSG00000185686,5.493603719445663
7483,ENSG00000185716,5.363395809964043
7484,ENSG00000185721,5.820422227270865
7485,ENSG00000185722,5.417748646164067
7486,ENSG00000185728,4.963096073779063
7487,ENSG00000185753,5.755031851158635
7488,ENSG00000185787,5.843041263590106
7489,ENSG00000185798,4.8400669262807865
7490,ENSG00000185800,5.526871725966382
7491,ENSG00000185803,6.440458331390145
7492,ENSG00000185808,6.470964595812406
7493,ENSG00000185813,5.660055701358256
7494,ENSG00000185825,6.501547156426997
7495,ENSG00000185838,6.041927321535852
7496,ENSG00000185842,8.754584636294267
7497,ENSG00000185862,5.005873461868189
7498,ENSG00000185883,6.2290537221919315
7499,ENSG00000185885,7.827414368751402
7500,ENSG00000185896,6.06913532564304
7501,ENSG00000185900,5.297488008995324
7502,ENSG00000185917,4.817138604758912
7503,ENSG00000185946,4.422910001615642
7504,ENSG00000185947,4.029841565924352
7505,ENSG00000185950,4.755946802295395
7506,ENSG00000185963,4.814719775995071
7507,ENSG00000185973,6.034658689513976
7508,ENSG00000185986,5.116796951430305
7509,ENSG00000185989,6.035213581867311
7510,ENSG00000186001,5.431724380971264
7511,ENSG00000186010,6.409041202922171
7512,ENSG00000186017,5.251485226770753
7513,ENSG00000186056,4.990735992720131
7514,ENSG00000186063,6.016178343585168
7515,ENSG00000186073,6.541299201995332
7516,ENSG00000186104,6.325352350947393
7517,ENSG00000186106,6.156202904193721
7518,ENSG00000186111,5.442196325489386
7519,ENSG00000186130,3.9117425486745168
7520,ENSG00000186141,4.9433099738722115
7521,ENSG00000186162,4.965855658428537
7522,ENSG00000186166,5.257031554942479
7523,ENSG00000186174,4.714607234632846
7524,ENSG00000186184,6.388957958624579
7525,ENSG00000186185,5.508522475013103
7526,ENSG00000186230,5.771796792884531
7527,ENSG00000186260,5.307443311656585
7528,ENSG00000186272,4.28844887017802
7529,ENSG00000186280,4.051300012869882
7530,ENSG00000186283,5.932197499080785
7531,ENSG00000186298,6.242521250607207
7532,ENSG00000186312,5.500647381237664
7533,ENSG00000186350,5.890496760619109
7534,ENSG00000186352,4.380048007826214
7535,ENSG00000186364,5.505582383958833
7536,ENSG00000186376,5.558743381519684
7537,ENSG00000186395,5.658241362848324
7538,ENSG00000186416,5.071800102146761
7539,ENSG00000186432,5.696611345408546
7540,ENSG00000186448,5.298892440083529
7541,ENSG00000186468,6.771122674531844
7542,ENSG00000186480,6.339520053953598
7543,ENSG00000186501,5.105777491392976
7544,ENSG00000186522,6.58715369446796
7545,ENSG00000186532,5.037173941944137
7546,ENSG00000186566,4.817702627988782
7547,ENSG00000186575,6.039645736970955
7548,ENSG00000186577,6.339672779551102
7549,ENSG00000186591,5.725316780206242
7550,ENSG00000186594,4.582248884065647
7551,ENSG00000186625,5.567029613021431
7552,ENSG00000186635,6.152136618366101
7553,ENSG00000186638,4.850627869597746
7554,ENSG00000186652,6.963444016917494
7555,ENSG00000186654,4.538618937322003
7556,ENSG00000186660,5.189582018122261
7557,ENSG00000186665,7.635718107351345
7558,ENSG00000186666,4.685720094915123
7559,ENSG00000186787,6.291496472072062
7560,ENSG00000186806,5.059529385865599
7561,ENSG00000186812,6.0960560452855
7562,ENSG00000186814,6.2994380356180075
7563,ENSG00000186815,6.03700409128963
7564,ENSG00000186866,6.4792867204568525
7565,ENSG00000186908,5.276296985213422
7566,ENSG00000186998,6.939517631660802
7567,ENSG00000187010,6.4315176422702525
7568,ENSG00000187049,5.440860709879636
7569,ENSG00000187051,5.800399624003639
7570,ENSG00000187079,5.590142247178403
7571,ENSG00000187109,7.811694755439992
7572,ENSG00000187118,9.332001470930008
7573,ENSG00000187134,6.443378046011715
7574,ENSG00000187147,5.637763514871928
7575,ENSG00000187164,5.7850808740902675
7576,ENSG00000187172,5.297632025230727
7577,ENSG00000187187,4.5190495201321745
7578,ENSG00000187193,4.698277009897963
7579,ENSG00000187239,6.357752315399857
7580,ENSG00000187257,5.506398542974598
7581,ENSG00000187266,6.877741289834136
7582,ENSG00000187325,7.151523650560686
7583,ENSG00000187446,6.206007799605505
7584,ENSG00000187514,6.081530515560605
7585,ENSG00000187522,5.546651111390009
7586,ENSG00000187555,5.470713197665632
7587,ENSG00000187605,5.223444881902936
7588,ENSG00000187607,5.689422519291664
7589,ENSG00000187626,4.549906517071352
7590,ENSG00000187634,4.251990788081905
7591,ENSG00000187678,4.771635789525892
7592,ENSG00000187688,7.100126702515985
7593,ENSG00000187699,6.7027210008996585
7594,ENSG00000187735,6.666038816783863
7595,ENSG00000187736,5.151075528273371
7596,ENSG00000187742,5.87619528996068
7597,ENSG00000187772,6.377422985716516
7598,ENSG00000187778,5.363856065973812
7599,ENSG00000187790,5.356627946140678
7600,ENSG00000187792,4.616001338743864
7601,ENSG00000187796,4.451438705013166
7602,ENSG00000187800,4.622751741867857
7603,ENSG00000187801,4.67774610526588
7604,ENSG00000187815,6.434602072302158
7605,ENSG00000187840,7.244518423767395
7606,ENSG00000187951,4.693332272627642
7607,ENSG00000187953,4.086484555737388
7608,ENSG00000187954,6.750312172442057
7609,ENSG00000187961,6.362725858554502
7610,ENSG00000188002,5.228994273424327
7611,ENSG00000188026,6.445401565649036
7612,ENSG00000188033,4.627200070069697
7613,ENSG00000188038,4.094596836615638
7614,ENSG00000188092,4.350740656874009
7615,ENSG00000188130,6.777737526581659
7616,ENSG00000188157,7.50809345451692
7617,ENSG00000188167,4.040311970405537
7618,ENSG00000188175,6.798702321335987
7619,ENSG00000188185,6.4683238847140725
7620,ENSG00000188186,6.898067364885099
7621,ENSG00000188191,4.927945302309879
7622,ENSG00000188206,3.9421100781633798
7623,ENSG00000188211,5.600479487447969
7624,ENSG00000188215,5.157328158657466
7625,ENSG00000188219,5.341777694232721
7626,ENSG00000188223,6.106686103393027
7627,ENSG00000188229,5.429503103219056
7628,ENSG00000188234,5.0067021486305645
7629,ENSG00000188243,5.504592661602402
7630,ENSG00000188283,4.550637265033978
7631,ENSG00000188295,4.348897657587727
7632,ENSG00000188312,5.333102341296085
7633,ENSG00000188313,6.425338127526888
7634,ENSG00000188315,4.532705435374133
7635,ENSG00000188321,6.161535205833144
7636,ENSG00000188342,5.612414482499814
7637,ENSG00000188419,5.687160379398571
7638,ENSG00000188428,5.604815715768789
7639,ENSG00000188486,4.956908992507557
7640,ENSG00000188493,5.999681212333596
7641,ENSG00000188511,6.389309240112183
7642,ENSG00000188522,4.449659892737693
7643,ENSG00000188529,5.288146428296505
7644,ENSG00000188542,6.022165252122853
7645,ENSG00000188554,6.521961087241532
7646,ENSG00000188559,5.610184632594952
7647,ENSG00000188566,6.513521352521586
7648,ENSG00000188599,5.349333686817506
7649,ENSG00000188603,5.879009184527919
7650,ENSG00000188610,5.892574830521122
7651,ENSG00000188612,6.3094354055274815
7652,ENSG00000188620,4.345241828733364
7653,ENSG00000188629,5.042292874820636
7654,ENSG00000188647,6.444561328839376
7655,ENSG00000188672,7.0263352296680734
7656,ENSG00000188681,5.925740931659336
7657,ENSG00000188690,6.349157023733389
7658,ENSG00000188725,5.341013796706762
7659,ENSG00000188739,5.7000443843715916
7660,ENSG00000188760,4.715915369266852
7661,ENSG00000188786,4.25099581951981
7662,ENSG00000188807,5.56663520891022
7663,ENSG00000188811,6.164743752362359
7664,ENSG00000188827,6.202982443946115
7665,ENSG00000188846,6.669596937543884
7666,ENSG00000188895,5.306561968880117
7667,ENSG00000188917,6.476933030007258
7668,ENSG00000188938,5.511075314686395
7669,ENSG00000188976,6.584149495100228
7670,ENSG00000188986,6.370376199565863
7671,ENSG00000188994,4.997389119006911
7672,ENSG00000189007,7.089261687900041
7673,ENSG00000189042,4.7619968308323815
7674,ENSG00000189043,6.225800915830501
7675,ENSG00000189046,6.708048496385068
7676,ENSG00000189050,6.591322381115565
7677,ENSG00000189067,6.617787920286511
7678,ENSG00000189077,7.811061362707812
7679,ENSG00000189079,5.295287925081852
7680,ENSG00000189091,4.8075582940284365
7681,ENSG00000189114,4.752816233723568
7682,ENSG00000189120,4.404685195797125
7683,ENSG00000189136,5.300757797194171
7684,ENSG00000189159,5.571236349602743
7685,ENSG00000189171,5.778209261962165
7686,ENSG00000189180,4.97203211159606
7687,ENSG00000189190,4.309445443056192
7688,ENSG00000189266,5.119827493923375
7689,ENSG00000189298,5.671053024792094
7690,ENSG00000189306,6.694308389229176
7691,ENSG00000189308,4.8044574042273815
7692,ENSG00000189319,4.321960936231014
7693,ENSG00000189334,4.405449966198279
7694,ENSG00000189339,6.5900181971354295
7695,ENSG00000189376,5.212538003154654
7696,ENSG00000189403,6.248146599211128
7697,ENSG00000189430,6.251412202064804
7698,ENSG00000196072,5.348064133045773
7699,ENSG00000196074,6.58925148140282
7700,ENSG00000196116,5.27082155661983
7701,ENSG00000196139,6.015502779591984
7702,ENSG00000196141,6.164864228447775
7703,ENSG00000196150,4.680674985969121
7704,ENSG00000196151,6.5699126567694925
7705,ENSG00000196152,4.158422432241007
7706,ENSG00000196154,5.790734477461859
7707,ENSG00000196155,7.074581878260564
7708,ENSG00000196177,5.332429343151799
7709,ENSG00000196182,5.806970905225716
7710,ENSG00000196187,7.052242159794315
7711,ENSG00000196199,5.402743134254895
7712,ENSG00000196204,5.068961627148691
7713,ENSG00000196214,4.650165352243082
7714,ENSG00000196227,4.452219761557932
7715,ENSG00000196230,6.475260501718519
7716,ENSG00000196233,4.962278555325405
7717,ENSG00000196235,5.96447615233893
7718,ENSG00000196236,4.750114387572595
7719,ENSG00000196247,4.949639110436308
7720,ENSG00000196262,6.515040775890586
7721,ENSG00000196290,5.964313119148854
7722,ENSG00000196296,5.082536367235834
7723,ENSG00000196305,5.74183241912315
7724,ENSG00000196312,4.681475693550167
7725,ENSG00000196313,5.60326594441065
7726,ENSG00000196323,4.638886693519327
7727,ENSG00000196338,3.974871745415654
7728,ENSG00000196352,5.65590548873273
7729,ENSG00000196357,3.8850440796740315
7730,ENSG00000196363,5.85918461392585
7731,ENSG00000196365,6.202822774752287
7732,ENSG00000196367,5.287072895676892
7733,ENSG00000196369,4.545276273974394
7734,ENSG00000196378,4.267801731394418
7735,ENSG00000196387,4.9669874505110245
7736,ENSG00000196396,6.0780341257036685
7737,ENSG00000196405,6.234874778754007
7738,ENSG00000196417,3.836585075326571
7739,ENSG00000196418,5.548795751927364
7740,ENSG00000196419,6.044357097148611
7741,ENSG00000196427,4.183814376420982
7742,ENSG00000196449,4.851344519796414
7743,ENSG00000196453,4.87842217078449
7744,ENSG00000196455,5.341173732094222
7745,ENSG00000196456,5.316704148039303
7746,ENSG00000196458,5.358927861017571
7747,ENSG00000196459,5.000446898994112
7748,ENSG00000196476,6.254207444600674
7749,ENSG00000196497,5.917599121777186
7750,ENSG00000196498,6.2312305118255615
7751,ENSG00000196503,5.271240963199387
7752,ENSG00000196504,5.81999593206869
7753,ENSG00000196505,5.567699757374919
7754,ENSG00000196510,6.539676904770297
7755,ENSG00000196517,5.729250233594053
7756,ENSG00000196531,6.284622095750943
7757,ENSG00000196547,5.730605568668218
7758,ENSG00000196550,5.980805772948942
7759,ENSG00000196565,6.996580007059133
7760,ENSG00000196584,4.746707901412561
7761,ENSG00000196586,6.5221023017553845
7762,ENSG00000196588,4.104201932562446
7763,ENSG00000196591,6.684717575056488
7764,ENSG00000196597,5.096974586592811
7765,ENSG00000196604,5.549221006503681
7766,ENSG00000196605,5.359121604105262
7767,ENSG00000196628,4.63893029774082
7768,ENSG00000196642,6.87934738261866
7769,ENSG00000196646,4.253180304465736
7770,ENSG00000196652,4.661843384071693
7771,ENSG00000196655,5.719193826891539
7772,ENSG00000196663,4.430407763357954
7773,ENSG00000196668,5.21355448702861
7774,ENSG00000196670,5.360075057799324
7775,ENSG00000196678,6.091205764924118
7776,ENSG00000196683,6.616982186141405
7777,ENSG00000196689,4.5358257236685855
7778,ENSG00000196693,5.17156517015581
7779,ENSG00000196696,5.04572878320274
7780,ENSG00000196700,5.82811457725617
7781,ENSG00000196704,7.064835225183741
7782,ENSG00000196705,5.07341219139913
7783,ENSG00000196712,5.735374605205337
7784,ENSG00000196715,5.669393597595201
7785,ENSG00000196730,6.307013151620116
7786,ENSG00000196743,6.2204989377065765
7787,ENSG00000196756,5.144674622039806
7788,ENSG00000196757,5.003516075800466
7789,ENSG00000196776,6.865210261883402
7790,ENSG00000196782,3.5529263939452016
7791,ENSG00000196792,4.914665494915973
7792,ENSG00000196821,5.952531581202173
7793,ENSG00000196839,8.371797442587082
7794,ENSG00000196843,5.3054720306887235
7795,ENSG00000196850,5.408814057318845
7796,ENSG00000196865,5.709405887442791
7797,ENSG00000196911,5.198798410680526
7798,ENSG00000196912,4.916011035820093
7799,ENSG00000196914,5.8086154134813945
7800,ENSG00000196923,5.990001988545168
7801,ENSG00000196924,6.314777295895333
7802,ENSG00000196937,5.80186981853871
7803,ENSG00000196943,5.378436618358162
7804,ENSG00000196950,6.814538321315069
7805,ENSG00000196961,7.235765169997551
7806,ENSG00000196967,6.196730679947129
7807,ENSG00000196975,6.926975542454016
7808,ENSG00000196998,6.095490380257435
7809,ENSG00000197006,6.711516762731007
7810,ENSG00000197008,5.692253034022236
7811,ENSG00000197013,4.954264041259094
7812,ENSG00000197019,4.2975629653378755
7813,ENSG00000197020,5.697357435507624
7814,ENSG00000197021,5.674964503004503
7815,ENSG00000197024,3.9021842147274293
7816,ENSG00000197037,4.492519239009708
7817,ENSG00000197043,6.434976245738989
7818,ENSG00000197045,5.753733974016907
7819,ENSG00000197056,6.554902414193758
7820,ENSG00000197062,4.93493720910297
7821,ENSG00000197063,4.68492372384807
7822,ENSG00000197070,6.82619045500667
7823,ENSG00000197081,5.270432129345842
7824,ENSG00000197093,5.3353794137668755
7825,ENSG00000197102,5.693988015083764
7826,ENSG00000197111,6.248230715615954
7827,ENSG00000197114,5.514791614976086
7828,ENSG00000197136,5.626298468224827
7829,ENSG00000197140,3.4950098096354565
7830,ENSG00000197147,5.574636654688954
7831,ENSG00000197150,6.349319599908701
7832,ENSG00000197157,5.263894768369997
7833,ENSG00000197162,4.6479567714152
7834,ENSG00000197165,6.65781224835543
7835,ENSG00000197170,5.649733281136651
7836,ENSG00000197183,5.129550038470947
7837,ENSG00000197208,4.626488804911052
7838,ENSG00000197217,5.52626941647663
7839,ENSG00000197223,6.1176206127350135
7840,ENSG00000197256,5.234885314536085
7841,ENSG00000197265,5.923333328746844
7842,ENSG00000197275,6.34468799043109
7843,ENSG00000197279,4.9489946504126126
7844,ENSG00000197299,5.669298637237328
7845,ENSG00000197302,6.862534669681725
7846,ENSG00000197312,5.182252005981055
7847,ENSG00000197323,5.399799630636175
7848,ENSG00000197324,6.203875513518416
7849,ENSG00000197329,5.715304701507114
7850,ENSG00000197332,5.043683095043519
7851,ENSG00000197343,5.3007043702272485
7852,ENSG00000197345,6.132774895414374
7853,ENSG00000197362,3.893615420216302
7854,ENSG00000197372,5.2703453308692865
7855,ENSG00000197386,5.657346038508986
7856,ENSG00000197405,5.133340997366165
7857,ENSG00000197417,5.46698009277202
7858,ENSG00000197429,5.711493456138597
7859,ENSG00000197448,7.186668028978308
7860,ENSG00000197451,5.88536911770093
7861,ENSG00000197465,5.940000489999563
7862,ENSG00000197471,6.00349127942674
7863,ENSG00000197472,5.65779142530425
7864,ENSG00000197498,6.0228960174653565
7865,ENSG00000197530,4.794525635675215
7866,ENSG00000197548,4.049113508369304
7867,ENSG00000197555,5.3860096422057335
7868,ENSG00000197562,5.687930113241388
7869,ENSG00000197579,4.812524532344174
7870,ENSG00000197586,6.768409504973962
7871,ENSG00000197587,5.089552810883098
7872,ENSG00000197601,6.9355717183731205
7873,ENSG00000197608,4.8823805084700505
7874,ENSG00000197622,5.7744364358213645
7875,ENSG00000197694,5.863789983416575
7876,ENSG00000197713,6.909868060352732
7877,ENSG00000197714,4.616680443206906
7878,ENSG00000197721,6.228777657120052
7879,ENSG00000197724,6.294314796528844
7880,ENSG00000197728,5.677995436412217
7881,ENSG00000197746,6.495237587478745
7882,ENSG00000197756,6.62035537842775
7883,ENSG00000197757,5.994474097966172
7884,ENSG00000197771,5.4032185234542505
7885,ENSG00000197774,5.9694003102311095
7886,ENSG00000197780,5.3139701627959415
7887,ENSG00000197782,4.631718587721328
7888,ENSG00000197785,6.4351860422034255
7889,ENSG00000197798,5.214421722521775
7890,ENSG00000197818,5.172488919090789
7891,ENSG00000197841,4.5376004263222125
7892,ENSG00000197857,4.746340947497943
7893,ENSG00000197858,7.613135270837388
7894,ENSG00000197872,5.419661798534605
7895,ENSG00000197879,5.753927720156714
7896,ENSG00000197885,5.085542849982337
7897,ENSG00000197892,4.948666847419629
7898,ENSG00000197894,7.00905648263237
7899,ENSG00000197905,5.387081723068354
7900,ENSG00000197912,5.650837496232649
7901,ENSG00000197930,6.905848988217561
7902,ENSG00000197933,4.301125601992936
7903,ENSG00000197935,5.002095170011594
7904,ENSG00000197937,5.015796497103198
7905,ENSG00000197958,6.637110485461946
7906,ENSG00000197961,5.003989646957646
7907,ENSG00000197965,8.512389057316751
7908,ENSG00000197969,6.535325969955709
7909,ENSG00000197978,7.191912876480691
7910,ENSG00000197982,7.335004573214139
7911,ENSG00000197989,4.21432619415037
7912,ENSG00000197993,6.282152237248891
7913,ENSG00000198000,5.292829363023153
7914,ENSG00000198001,5.893046312362457
7915,ENSG00000198015,6.247874557011089
7916,ENSG00000198018,5.05825820596974
7917,ENSG00000198026,4.782697726170489
7918,ENSG00000198034,7.115851344261795
7919,ENSG00000198039,5.0279008902987075
7920,ENSG00000198040,5.584298189155247
7921,ENSG00000198042,5.393323680036187
7922,ENSG00000198055,5.452164160858422
7923,ENSG00000198056,6.769715681279383
7924,ENSG00000198060,5.96490164856491
7925,ENSG00000198081,3.714980524458819
7926,ENSG00000198087,6.019730472474084
7927,ENSG00000198088,5.742234336843964
7928,ENSG00000198105,5.575695771510904
7929,ENSG00000198130,6.335072089881948
7930,ENSG00000198131,5.384649458664557
7931,ENSG00000198146,4.735700075249289
7932,ENSG00000198157,3.508606658386428
7933,ENSG00000198160,5.25983977826637
7934,ENSG00000198162,5.930992883096876
7935,ENSG00000198168,7.11330168944917
7936,ENSG00000198169,4.728520387778641
7937,ENSG00000198171,5.9856486512656275
7938,ENSG00000198176,5.987893067751924
7939,ENSG00000198189,6.162811158597174
7940,ENSG00000198198,4.962167252767405
7941,ENSG00000198211,3.99143180007253
7942,ENSG00000198231,5.236929983823825
7943,ENSG00000198242,6.328985625996254
7944,ENSG00000198252,6.14905142643283
7945,ENSG00000198258,6.251343026746978
7946,ENSG00000198265,4.976922118331842
7947,ENSG00000198270,6.999618369109786
7948,ENSG00000198276,6.456792270910013
7949,ENSG00000198286,6.914105469622026
7950,ENSG00000198298,5.061341702501303
7951,ENSG00000198301,5.258819053066416
7952,ENSG00000198315,5.196472640139903
7953,ENSG00000198336,7.111802114702489
7954,ENSG00000198346,4.287826159922086
7955,ENSG00000198353,5.50434123633858
7956,ENSG00000198355,4.823665735239402
7957,ENSG00000198356,5.3813554981517395
7958,ENSG00000198363,5.3011280347178245
7959,ENSG00000198369,4.9062356792466515
7960,ENSG00000198373,5.0832971510331335
7961,ENSG00000198380,5.996888104972987
7962,ENSG00000198382,5.083991292697537
7963,ENSG00000198393,5.1701440975212165
7964,ENSG00000198399,5.799421900858406
7965,ENSG00000198400,7.347897130425984
7966,ENSG00000198408,6.244503611828245
7967,ENSG00000198420,6.946661521980997
7968,ENSG00000198431,5.328007922320228
7969,ENSG00000198464,5.195484994671863
7970,ENSG00000198467,5.751555720724783
7971,ENSG00000198468,5.889758386673647
7972,ENSG00000198478,5.92888538641097
7973,ENSG00000198482,4.650991760514603
7974,ENSG00000198492,4.949825529113746
7975,ENSG00000198496,4.689791298070045
7976,ENSG00000198498,5.801187267625053
7977,ENSG00000198517,4.44374418938365
7978,ENSG00000198522,5.9578910825786835
7979,ENSG00000198538,4.612487734140664
7980,ENSG00000198546,6.180864424040509
7981,ENSG00000198551,4.258879212689173
7982,ENSG00000198554,6.524578497186837
7983,ENSG00000198561,5.20591657918414
7984,ENSG00000198563,5.7403835815321065
7985,ENSG00000198586,5.625993893784627
7986,ENSG00000198589,5.200074986522561
7987,ENSG00000198590,4.1716007319732435
7988,ENSG00000198604,4.481361306720588
7989,ENSG00000198612,6.067991027124704
7990,ENSG00000198625,5.060466401675152
7991,ENSG00000198626,4.904577991980244
7992,ENSG00000198646,5.573806430627315
7993,ENSG00000198663,7.199931136827145
7994,ENSG00000198668,5.73975962547254
7995,ENSG00000198677,6.747237682946127
7996,ENSG00000198681,5.898851701463407
7997,ENSG00000198689,5.932376885268997
7998,ENSG00000198690,5.556949852236082
7999,ENSG00000198700,7.221566883205125
8000,ENSG00000198707,5.874946852189573
8001,ENSG00000198715,6.4394515904945075
8002,ENSG00000198720,7.062003266590349
8003,ENSG00000198721,7.219526812695077
8004,ENSG00000198722,6.229992949483103
8005,ENSG00000198728,5.853026267088713
8006,ENSG00000198730,5.764638177876414
8007,ENSG00000198736,6.084087850175537
8008,ENSG00000198740,5.455398587295289
8009,ENSG00000198742,4.923115359927801
8010,ENSG00000198743,5.48222628923549
8011,ENSG00000198746,4.508802908830891
8012,ENSG00000198752,5.838250328862615
8013,ENSG00000198755,6.571214053669094
8014,ENSG00000198756,6.9178650785391
8015,ENSG00000198771,6.722610033875141
8016,ENSG00000198791,5.88738551898677
8017,ENSG00000198793,5.475772667927901
8018,ENSG00000198795,4.5118000469419135
8019,ENSG00000198799,5.0887406579568015
8020,ENSG00000198805,6.713897437449993
8021,ENSG00000198815,5.190815923831737
8022,ENSG00000198818,6.495313777519056
8023,ENSG00000198824,5.383189815486418
8024,ENSG00000198825,6.021829240035041
8025,ENSG00000198826,5.4799762620491785
8026,ENSG00000198830,6.477737969459256
8027,ENSG00000198833,5.919406613488268
8028,ENSG00000198836,5.481963080748179
8029,ENSG00000198837,6.566196083796984
8030,ENSG00000198839,5.901954991595924
8031,ENSG00000198843,5.983419204821783
8032,ENSG00000198853,5.255116853510105
8033,ENSG00000198856,6.67869054028208
8034,ENSG00000198858,6.58862235295788
8035,ENSG00000198860,7.144849095283473
8036,ENSG00000198862,5.584295865240928
8037,ENSG00000198863,4.4022644334812675
8038,ENSG00000198874,4.580631441824006
8039,ENSG00000198876,5.308369185478165
8040,ENSG00000198887,5.31992362951604
8041,ENSG00000198892,3.623518369366606
8042,ENSG00000198894,5.415199296257479
8043,ENSG00000198898,5.9888745166431265
8044,ENSG00000198900,5.653365421889828
8045,ENSG00000198901,5.046479725737216
8046,ENSG00000198909,5.543973735086162
8047,ENSG00000198911,6.353042369495957
8048,ENSG00000198912,5.376584998276731
8049,ENSG00000198917,5.980918543557749
8050,ENSG00000198918,6.23778522943944
8051,ENSG00000198920,4.5691934554807405
8052,ENSG00000198924,5.628133540307999
8053,ENSG00000198925,5.862045222608991
8054,ENSG00000198930,6.654029732555757
8055,ENSG00000198931,8.044469315609215
8056,ENSG00000198937,6.802783917350437
8057,ENSG00000198952,5.16734272202197
8058,ENSG00000198954,4.844431994007423
8059,ENSG00000198960,6.13919155963707
8060,ENSG00000198961,5.790959900339165
8061,ENSG00000198964,5.396946159029291
8062,ENSG00000203546,5.39773883093391
8063,ENSG00000203618,6.616250007420968
8064,ENSG00000203666,5.364086507448152
8065,ENSG00000203667,6.038025632237709
8066,ENSG00000203705,6.252682865355986
8067,ENSG00000203760,5.80372374402032
8068,ENSG00000203761,4.815657802089647
8069,ENSG00000203791,6.578078906175255
8070,ENSG00000203799,5.702684659781415
8071,ENSG00000203804,0.3063616283676343
8072,ENSG00000203805,5.138905050788875
8073,ENSG00000203872,5.951399330371933
8074,ENSG00000203875,5.706188551002265
8075,ENSG00000203879,6.682922205050603
8076,ENSG00000203896,5.373463869005366
8077,ENSG00000203993,6.850393775695706
8078,ENSG00000203995,5.859799984099812
8079,ENSG00000204060,5.439759481794795
8080,ENSG00000204070,4.685726901774104
8081,ENSG00000204084,5.570340945806406
8082,ENSG00000204104,4.828529714115286
8083,ENSG00000204120,5.203832981176381
8084,ENSG00000204130,5.0262656942043185
8085,ENSG00000204138,5.452493214361816
8086,ENSG00000204147,5.50744984182756
8087,ENSG00000204149,4.9583255360076395
8088,ENSG00000204152,4.783923312490581
8089,ENSG00000204160,5.765453365933698
8090,ENSG00000204161,7.428768204360297
8091,ENSG00000204172,6.565186837895434
8092,ENSG00000204177,5.2237713342687195
8093,ENSG00000204178,5.122680198751295
8094,ENSG00000204209,5.5522787820295925
8095,ENSG00000204217,4.953320610925294
8096,ENSG00000204220,6.733094339063366
8097,ENSG00000204227,6.209953521550899
8098,ENSG00000204228,7.907357630039077
8099,ENSG00000204231,4.936104983081031
8100,ENSG00000204237,6.912928547761048
8101,ENSG00000204248,3.5643528812917076
8102,ENSG00000204256,4.501317015042506
8103,ENSG00000204271,5.576760087216888
8104,ENSG00000204291,7.1681608475824685
8105,ENSG00000204304,6.804085138677913
8106,ENSG00000204305,5.159758826840911
8107,ENSG00000204308,6.1405384306972115
8108,ENSG00000204310,7.144989316152456
8109,ENSG00000204314,6.718818643280205
8110,ENSG00000204315,3.902025777184528
8111,ENSG00000204316,6.178689424851829
8112,ENSG00000204344,5.530173548407889
8113,ENSG00000204348,5.650659714225127
8114,ENSG00000204351,6.022048449085084
8115,ENSG00000204356,6.759735836801447
8116,ENSG00000204370,5.320372534224671
8117,ENSG00000204371,6.47271843819399
8118,ENSG00000204386,6.057451995546851
8119,ENSG00000204387,6.1211945773757295
8120,ENSG00000204392,6.13753293371615
8121,ENSG00000204394,7.04357664370379
8122,ENSG00000204396,5.079469059313845
8123,ENSG00000204410,6.319177816688041
8124,ENSG00000204422,5.579287049781203
8125,ENSG00000204427,5.587585105629357
8126,ENSG00000204434,5.731142067974853
8127,ENSG00000204435,6.739925278941296
8128,ENSG00000204438,4.079634899059798
8129,ENSG00000204444,5.392132272138525
8130,ENSG00000204463,6.416279250771355
8131,ENSG00000204469,6.180203385485399
8132,ENSG00000204498,5.341446523591546
8133,ENSG00000204516,6.5146461515814345
8134,ENSG00000204519,4.36662282360857
8135,ENSG00000204520,5.727277039260897
8136,ENSG00000204524,4.258851649666355
8137,ENSG00000204525,8.010826810534004
8138,ENSG00000204536,7.042627012063599
8139,ENSG00000204560,5.09632548073015
8140,ENSG00000204564,6.168424326306361
8141,ENSG00000204568,5.924141004383982
8142,ENSG00000204569,3.9149942676864917
8143,ENSG00000204574,5.432614694299198
8144,ENSG00000204576,5.008737942891204
8145,ENSG00000204580,5.795298433270686
8146,ENSG00000204590,6.26298745891327
8147,ENSG00000204592,6.123714076423364
8148,ENSG00000204599,4.173390581096221
8149,ENSG00000204604,4.76268051960854
8150,ENSG00000204611,3.8409889037181166
8151,ENSG00000204619,6.945340825397282
8152,ENSG00000204628,7.003474347041392
8153,ENSG00000204673,5.760019728548812
8154,ENSG00000204710,7.802630794149956
8155,ENSG00000204713,5.5628904652313995
8156,ENSG00000204822,5.17398147549393
8157,ENSG00000204842,5.592074152177974
8158,ENSG00000204843,6.594483492580203
8159,ENSG00000204856,6.699077178993901
8160,ENSG00000204859,5.386087147814243
8161,ENSG00000204899,6.302462745074588
8162,ENSG00000204922,5.8318298774905095
8163,ENSG00000204923,4.824328718654775
8164,ENSG00000204946,5.091596107768305
8165,ENSG00000204947,4.016738131112983
8166,ENSG00000204954,5.913113080264132
8167,ENSG00000204977,4.780463767419714
8168,ENSG00000205060,6.658913814429106
8169,ENSG00000205084,7.715261111051755
8170,ENSG00000205085,3.9166006323914684
8171,ENSG00000205111,3.899831871202686
8172,ENSG00000205155,6.167472058619548
8173,ENSG00000205189,4.942639027203558
8174,ENSG00000205208,5.8143431194310695
8175,ENSG00000205213,5.984239874116678
8176,ENSG00000205220,6.120005547445263
8177,ENSG00000205250,5.698170982769471
8178,ENSG00000205268,5.851156957537202
8179,ENSG00000205302,6.6207393403067085
8180,ENSG00000205307,5.4609725091900785
8181,ENSG00000205323,5.392476985273764
8182,ENSG00000205339,5.918614924968205
8183,ENSG00000205352,6.669708470872369
8184,ENSG00000205464,6.214817970596679
8185,ENSG00000205485,4.385487131368414
8186,ENSG00000205531,5.801341341469297
8187,ENSG00000205534,4.298817150389458
8188,ENSG00000205542,6.287020481101062
8189,ENSG00000205544,7.428482634876617
8190,ENSG00000205560,5.929973947826087
8191,ENSG00000205581,6.753717803771642
8192,ENSG00000205592,6.5725085527532165
8193,ENSG00000205611,5.06028708981554
8194,ENSG00000205628,5.65025621642026
8195,ENSG00000205629,6.674455935719717
8196,ENSG00000205659,5.107471583950418
8197,ENSG00000205664,5.358424751469028
8198,ENSG00000205683,4.316337966859042
8199,ENSG00000205707,6.923200299889264
8200,ENSG00000205726,5.078677753290047
8201,ENSG00000205758,6.168634963417989
8202,ENSG00000205765,5.7507800729685545
8203,ENSG00000205853,4.156503161592689
8204,ENSG00000205903,5.182379287626957
8205,ENSG00000205937,5.769433766571344
8206,ENSG00000205981,7.087830010271929
8207,ENSG00000206053,6.148341582717813
8208,ENSG00000206418,5.296216427967997
8209,ENSG00000206527,6.8578096145774445
8210,ENSG00000206535,4.841858929427405
8211,ENSG00000206560,5.322133196506131
8212,ENSG00000206562,5.310059095286369
8213,ENSG00000211450,6.3632522589476075
8214,ENSG00000211455,6.057852587516906
8215,ENSG00000211456,5.930101591574129
8216,ENSG00000211460,5.599291607095308
8217,ENSG00000211584,6.842664861526043
8218,ENSG00000212694,4.538346362774269
8219,ENSG00000213024,5.975102622849231
8220,ENSG00000213047,5.059389746037278
8221,ENSG00000213064,6.0667401027882875
8222,ENSG00000213066,5.612970796916091
8223,ENSG00000213079,4.778765213953519
8224,ENSG00000213096,4.3988244811385915
8225,ENSG00000213123,8.050988619198142
8226,ENSG00000213160,6.9735336495879
8227,ENSG00000213185,4.505996840913377
8228,ENSG00000213186,3.9673577927265944
8229,ENSG00000213190,5.892253344760926
8230,ENSG00000213199,5.054039409544831
8231,ENSG00000213221,4.9349182249646
8232,ENSG00000213240,5.259763773185837
8233,ENSG00000213246,5.20545281298134
8234,ENSG00000213281,5.651379908522234
8235,ENSG00000213337,6.812838339678048
8236,ENSG00000213339,7.416639532373693
8237,ENSG00000213341,5.640141708079975
8238,ENSG00000213347,5.683932699796089
8239,ENSG00000213380,4.754870238031003
8240,ENSG00000213390,7.010243304859071
8241,ENSG00000213401,5.697672669024115
8242,ENSG00000213420,6.096830616890265
8243,ENSG00000213445,5.788016364564325
8244,ENSG00000213462,6.043260600890821
8245,ENSG00000213468,6.94190593379408
8246,ENSG00000213516,5.536116826950837
8247,ENSG00000213523,5.916485823152102
8248,ENSG00000213551,5.032058122834482
8249,ENSG00000213563,5.835738266776524
8250,ENSG00000213585,6.416783141222831
8251,ENSG00000213588,4.190878708015402
8252,ENSG00000213593,6.326341513106204
8253,ENSG00000213614,5.988560470751805
8254,ENSG00000213619,5.943427467844759
8255,ENSG00000213625,6.08921386008315
8256,ENSG00000213626,4.593447383937104
8257,ENSG00000213639,6.212934563836253
8258,ENSG00000213654,7.0062213094675725
8259,ENSG00000213658,4.604910699033242
8260,ENSG00000213672,6.083335252708786
8261,ENSG00000213676,6.526223423064349
8262,ENSG00000213699,5.826224516550124
8263,ENSG00000213719,6.241714671916747
8264,ENSG00000213722,4.74384912486362
8265,ENSG00000213741,6.329371461899903
8266,ENSG00000213762,4.236057892614427
8267,ENSG00000213780,5.869949536214087
8268,ENSG00000213782,5.566150970741535
8269,ENSG00000213793,4.365055584127575
8270,ENSG00000213799,3.9872510336213676
8271,ENSG00000213801,3.5665277019738615
8272,ENSG00000213865,6.314972704021635
8273,ENSG00000213918,7.828728923346919
8274,ENSG00000213920,5.514679398605944
8275,ENSG00000213923,6.012084826191646
8276,ENSG00000213928,5.49309811674454
8277,ENSG00000213930,7.262619195709122
8278,ENSG00000213931,6.899572958574941
8279,ENSG00000213934,7.107281996346518
8280,ENSG00000213965,5.226183268539088
8281,ENSG00000213977,5.434393802857647
8282,ENSG00000213983,6.003758151186973
8283,ENSG00000213995,5.3614881466231274
8284,ENSG00000214013,5.854780106306181
8285,ENSG00000214021,5.818551912886096
8286,ENSG00000214046,5.324450296965338
8287,ENSG00000214049,6.123160235057054
8288,ENSG00000214087,6.106211188138314
8289,ENSG00000214113,6.466550224058091
8290,ENSG00000214135,5.700897427064913
8291,ENSG00000214160,6.626595788711341
8292,ENSG00000214174,6.064535056173516
8293,ENSG00000214176,4.589912703298857
8294,ENSG00000214193,4.862699566420025
8295,ENSG00000214194,7.011133858801333
8296,ENSG00000214212,3.593333034891403
8297,ENSG00000214253,6.2120456241716315
8298,ENSG00000214279,6.629875854043755
8299,ENSG00000214293,5.6646307639716404
8300,ENSG00000214331,3.968273453850829
8301,ENSG00000214367,4.975457568002513
8302,ENSG00000214401,6.54656468931459
8303,ENSG00000214413,6.721158324576925
8304,ENSG00000214435,4.033216520497118
8305,ENSG00000214517,5.9866951936927215
8306,ENSG00000214548,6.231903356513899
8307,ENSG00000214575,5.82111534997649
8308,ENSG00000214654,4.440473320853757
8309,ENSG00000214655,5.286242433964829
8310,ENSG00000214706,6.536399597412332
8311,ENSG00000214736,5.995933636292155
8312,ENSG00000214753,5.81920822248666
8313,ENSG00000214765,4.798524359878581
8314,ENSG00000214783,4.7391668377706635
8315,ENSG00000214826,5.866368588548164
8316,ENSG00000214837,5.158015537337776
8317,ENSG00000214855,6.087308390541341
8318,ENSG00000214941,6.007316070081472
8319,ENSG00000215012,5.746574308178662
8320,ENSG00000215021,6.485712263132511
8321,ENSG00000215022,3.4696041892893197
8322,ENSG00000215041,5.754740102161992
8323,ENSG00000215067,4.034856820125878
8324,ENSG00000215068,5.453784477041665
8325,ENSG00000215114,6.646652500637227
8326,ENSG00000215154,4.627141867818109
8327,ENSG00000215190,5.003929656406152
8328,ENSG00000215193,5.8506572945726845
8329,ENSG00000215241,4.572807515343692
8330,ENSG00000215271,7.489384691963004
8331,ENSG00000215301,5.614744459493671
8332,ENSG00000215305,7.302425204095534
8333,ENSG00000215417,3.663167387046167
8334,ENSG00000215421,4.662321436798491
8335,ENSG00000215447,6.349154113348607
8336,ENSG00000215472,6.739469370127819
8337,ENSG00000215529,2.9312029369054
8338,ENSG00000215548,5.424714363641054
8339,ENSG00000215712,5.402869674945741
8340,ENSG00000215717,5.596323314086459
8341,ENSG00000215769,4.137674898243855
8342,ENSG00000215837,4.164183422948274
8343,ENSG00000215908,4.782511179719596
8344,ENSG00000216490,6.886489243095785
8345,ENSG00000217128,4.92541631220856
8346,ENSG00000217555,6.168444373247621
8347,ENSG00000217576,4.399873770485051
8348,ENSG00000217930,6.169278449282235
8349,ENSG00000218739,6.711632359444554
8350,ENSG00000219200,6.326159054042991
8351,ENSG00000219481,6.2366109479372795
8352,ENSG00000219545,3.8773993157567155
8353,ENSG00000219665,7.068079056677265
8354,ENSG00000219891,4.68120873717447
8355,ENSG00000220205,5.978458471472319
8356,ENSG00000220804,4.806406415858906
8357,ENSG00000221823,5.380256821802066
8358,ENSG00000221829,6.468140444916649
8359,ENSG00000221838,6.185108163423639
8360,ENSG00000221867,5.659713824236356
8361,ENSG00000221874,4.161628156888828
8362,ENSG00000221890,6.197028250028516
8363,ENSG00000221914,5.698966315218729
8364,ENSG00000221968,5.967847211270705
8365,ENSG00000221978,5.281217939692814
8366,ENSG00000221983,6.585658377692606
8367,ENSG00000221988,5.839218538276688
8368,ENSG00000221994,5.055784447628054
8369,ENSG00000222004,6.098157798890305
8370,ENSG00000222011,4.944581574911371
8371,ENSG00000222041,4.467229159399887
8372,ENSG00000223403,4.216706713643754
8373,ENSG00000223473,4.847868650583921
8374,ENSG00000223482,6.672960730006292
8375,ENSG00000223501,6.375034716471423
8376,ENSG00000223508,7.453619920037808
8377,ENSG00000223546,6.053579236570132
8378,ENSG00000223552,6.572414222575665
8379,ENSG00000223662,6.754737951007699
8380,ENSG00000223692,4.051787396547602
8381,ENSG00000223705,5.835749824145259
8382,ENSG00000223725,5.60806320004353
8383,ENSG00000223745,6.7862931386972365
8384,ENSG00000223756,5.459635364786042
8385,ENSG00000223837,4.25206590636378
8386,ENSG00000223959,4.681022827297162
8387,ENSG00000224032,4.786473009829396
8388,ENSG00000224034,4.957858686426753
8389,ENSG00000224046,5.237050295115093
8390,ENSG00000224051,5.072964468982198
8391,ENSG00000224093,3.83997477215808
8392,ENSG00000224141,6.33860255305587
8393,ENSG00000224184,5.5001159990229045
8394,ENSG00000224186,5.760149004013028
8395,ENSG00000224271,5.542057050866256
8396,ENSG00000224420,4.602529918651865
8397,ENSG00000224470,4.72366920575147
8398,ENSG00000224597,4.954669158640303
8399,ENSG00000224616,6.118152101946949
8400,ENSG00000224638,3.8759301714534065
8401,ENSG00000224652,6.817394023762616
8402,ENSG00000224699,5.339855020149145
8403,ENSG00000224778,5.930487476057886
8404,ENSG00000224870,5.732651316789478
8405,ENSG00000224877,7.048727116089175
8406,ENSG00000224914,4.1656548807706475
8407,ENSG00000224916,5.068450189546445
8408,ENSG00000225062,7.356495735344187
8409,ENSG00000225180,5.310324071489919
8410,ENSG00000225190,4.904443195772848
8411,ENSG00000225264,5.7911325688869795
8412,ENSG00000225377,6.5094382593271
8413,ENSG00000225470,6.41076419434339
8414,ENSG00000225546,5.834336420460742
8415,ENSG00000225648,5.5133013625058025
8416,ENSG00000225697,6.489739390588102
8417,ENSG00000225733,5.991293380859975
8418,ENSG00000225746,5.526805087054046
8419,ENSG00000225778,4.420883508141949
8420,ENSG00000225791,4.282666379645777
8421,ENSG00000225793,5.644296548743034
8422,ENSG00000225828,5.151551559407089
8423,ENSG00000225830,4.8469855293249
8424,ENSG00000225857,4.664543571519705
8425,ENSG00000225921,6.31250206434473
8426,ENSG00000225973,5.332916267840402
8427,ENSG00000226002,4.376300929582003
8428,ENSG00000226057,5.608194654135121
8429,ENSG00000226149,4.831142040106455
8430,ENSG00000226210,5.024015735096661
8431,ENSG00000226232,5.298236270129676
8432,ENSG00000226314,5.129632092709181
8433,ENSG00000226419,4.301013916937238
8434,ENSG00000226688,6.8822393699770466
8435,ENSG00000226696,5.857176765559848
8436,ENSG00000226751,6.412458719788625
8437,ENSG00000226752,6.081229238645412
8438,ENSG00000226763,4.9451674425486445
8439,ENSG00000226853,5.668996883566011
8440,ENSG00000226950,5.202003980857014
8441,ENSG00000227057,6.0458656256598715
8442,ENSG00000227124,5.213556201207318
8443,ENSG00000227232,4.895582837572619
8444,ENSG00000227345,5.654728697097248
8445,ENSG00000227372,5.549636990551375
8446,ENSG00000227500,6.2846682704163825
8447,ENSG00000227533,5.119286542772754
8448,ENSG00000227671,6.1676940514128615
8449,ENSG00000227674,6.532460988754867
8450,ENSG00000227706,6.29585938126689
8451,ENSG00000227740,3.3694881486812593
8452,ENSG00000227932,7.161978154945567
8453,ENSG00000227953,4.644156859985634
8454,ENSG00000227963,4.180844728625899
8455,ENSG00000228043,4.600134621839661
8456,ENSG00000228144,7.003324359578487
8457,ENSG00000228203,5.042915633015722
8458,ENSG00000228265,5.50693293863405
8459,ENSG00000228300,5.524456289078275
8460,ENSG00000228315,5.040438523895171
8461,ENSG00000228327,5.155515471577078
8462,ENSG00000228409,4.466495782812537
8463,ENSG00000228436,4.201444368164097
8464,ENSG00000228463,5.149215593878151
8465,ENSG00000228474,6.013819529379119
8466,ENSG00000228506,5.350777464766619
8467,ENSG00000228649,3.8117484403135897
8468,ENSG00000228716,6.590526758197084
8469,ENSG00000228727,5.198361780088936
8470,ENSG00000228782,4.866113599401573
8471,ENSG00000228794,5.56077208185042
8472,ENSG00000228989,5.591635525389066
8473,ENSG00000229056,4.982913760590292
8474,ENSG00000229117,6.142867016995272
8475,ENSG00000229124,5.101821287900494
8476,ENSG00000229127,4.838214396108701
8477,ENSG00000229140,5.830437718625802
8478,ENSG00000229180,4.497403387291754
8479,ENSG00000229205,5.728894699735162
8480,ENSG00000229358,4.951629986605032
8481,ENSG00000229729,5.19060194836759
8482,ENSG00000229807,6.729692831261588
8483,ENSG00000229809,5.631703747830965
8484,ENSG00000229833,5.869639615752551
8485,ENSG00000229953,5.7995749645976264
8486,ENSG00000229970,7.355642294008362
8487,ENSG00000229988,4.237070358779635
8488,ENSG00000229989,3.246440338601535
8489,ENSG00000230082,3.0073219263377133
8490,ENSG00000230092,3.640713577662891
8491,ENSG00000230124,5.321833823512657
8492,ENSG00000230148,6.316987012469064
8493,ENSG00000230159,6.606146893312529
8494,ENSG00000230257,5.0870210792588395
8495,ENSG00000230258,5.269245578700069
8496,ENSG00000230424,5.663037329690523
8497,ENSG00000230513,4.994754971150539
8498,ENSG00000230551,3.9444436326269003
8499,ENSG00000230590,4.73760169306276
8500,ENSG00000230658,5.818913160720798
8501,ENSG00000230989,6.200806197270538
8502,ENSG00000231259,5.58140370542208
8503,ENSG00000231312,7.120072280291719
8504,ENSG00000231431,4.953136677207506
8505,ENSG00000231500,6.580118261558918
8506,ENSG00000231607,4.344755741978241
8507,ENSG00000231887,4.670510775827838
8508,ENSG00000231925,7.400645818909767
8509,ENSG00000232018,5.502657458731251
8510,ENSG00000232040,5.855676279553238
8511,ENSG00000232053,5.805623533689736
8512,ENSG00000232112,5.792510617765957
8513,ENSG00000232119,6.647254264601905
8514,ENSG00000232388,5.354378168505773
8515,ENSG00000232485,5.0271535421711
8516,ENSG00000232533,6.22014412529879
8517,ENSG00000232656,4.2638195210820555
8518,ENSG00000232725,6.827439555724997
8519,ENSG00000232884,6.837385007723683
8520,ENSG00000232956,4.6147740089709846
8521,ENSG00000232995,4.277486604914478
8522,ENSG00000233016,4.341034377622047
8523,ENSG00000233080,4.606149037693388
8524,ENSG00000233236,6.0422946139364075
8525,ENSG00000233369,5.392722653338479
8526,ENSG00000233382,4.8317212803188125
8527,ENSG00000233461,6.175794837953144
8528,ENSG00000233527,5.565536780802392
8529,ENSG00000233536,6.513868840765046
8530,ENSG00000233593,8.649529419247335
8531,ENSG00000233643,6.375078558719077
8532,ENSG00000233695,5.122887911586039
8533,ENSG00000233746,6.750118057783858
8534,ENSG00000233785,4.832637505763478
8535,ENSG00000233797,3.792382645127021
8536,ENSG00000233799,6.456651649483012
8537,ENSG00000233822,5.209138052369979
8538,ENSG00000233834,5.755019364346423
8539,ENSG00000233836,5.93962139213414
8540,ENSG00000233922,4.137633129714791
8541,ENSG00000233927,6.27497976514007
8542,ENSG00000234127,4.952921343385925
8543,ENSG00000234129,6.358422541380858
8544,ENSG00000234147,6.935962803491316
8545,ENSG00000234231,6.9375391130742905
8546,ENSG00000234261,5.576050465908366
8547,ENSG00000234327,6.385217540972518
8548,ENSG00000234384,3.5061235912205895
8549,ENSG00000234420,5.967060956894795
8550,ENSG00000234444,5.720144951987988
8551,ENSG00000234545,5.071666989936147
8552,ENSG00000234585,4.090476109210325
8553,ENSG00000234593,4.494212645493878
8554,ENSG00000234608,5.651945252551724
8555,ENSG00000234741,5.757445502650681
8556,ENSG00000234753,6.800906481219857
8557,ENSG00000234769,5.092471161953287
8558,ENSG00000234771,4.82072626527735
8559,ENSG00000234857,5.627239731370364
8560,ENSG00000234912,4.130071887765306
8561,ENSG00000235169,6.531114199719998
8562,ENSG00000235173,5.948534157095487
8563,ENSG00000235194,6.165192212870793
8564,ENSG00000235288,3.900312036750887
8565,ENSG00000235333,4.981938329644941
8566,ENSG00000235335,5.731442954263481
8567,ENSG00000235437,7.2758031713119
8568,ENSG00000235453,5.4044952823730465
8569,ENSG00000235703,5.192089269451581
8570,ENSG00000235750,5.927178949357879
8571,ENSG00000235823,7.075185772533497
8572,ENSG00000235954,5.911266958593086
8573,ENSG00000235978,4.700378316884958
8574,ENSG00000236088,5.024984358169173
8575,ENSG00000236144,6.666438736664829
8576,ENSG00000236200,5.808788651740169
8577,ENSG00000236255,5.194072025566664
8578,ENSG00000236287,6.422865837825106
8579,ENSG00000236320,4.632084229138453
8580,ENSG00000236393,5.821954668583377
8581,ENSG00000236618,5.381383878386536
8582,ENSG00000236753,5.969824129337561
8583,ENSG00000236754,3.601541562059795
8584,ENSG00000236756,3.3583239611651075
8585,ENSG00000236810,6.464461416331988
8586,ENSG00000236850,5.808493560341714
8587,ENSG00000236859,6.100375238831952
8588,ENSG00000237190,6.655540059831414
8589,ENSG00000237296,4.6752260668967525
8590,ENSG00000237298,5.087372315711256
8591,ENSG00000237311,6.243993373361898
8592,ENSG00000237438,6.598036572536374
8593,ENSG00000237441,5.449110334781744
8594,ENSG00000237643,6.39539164309918
8595,ENSG00000237649,5.197937431133261
8596,ENSG00000237765,5.008114058983297
8597,ENSG00000237883,5.776925678442084
8598,ENSG00000237943,6.637118933640904
8599,ENSG00000238033,4.946123835041634
8600,ENSG00000238035,6.176483263867178
8601,ENSG00000238083,4.033555285222059
8602,ENSG00000238113,5.533677894058214
8603,ENSG00000238160,4.260177184459819
8604,ENSG00000238287,5.183542043666774
8605,ENSG00000239203,6.635651976751648
8606,ENSG00000239264,5.484476088503406
8607,ENSG00000239305,4.7480411875166695
8608,ENSG00000239306,6.271562576640165
8609,ENSG00000239382,6.538845856126249
8610,ENSG00000239407,5.253820097051772
8611,ENSG00000239653,4.924056273352865
8612,ENSG00000239665,4.709653304340539
8613,ENSG00000239672,7.065573213971672
8614,ENSG00000239704,5.5497711375750205
8615,ENSG00000239779,6.516887612643602
8616,ENSG00000239789,5.76432830936468
8617,ENSG00000239857,5.792632869357647
8618,ENSG00000239883,4.869695633955503
8619,ENSG00000239900,6.744106865412777
8620,ENSG00000239969,4.519372205109743
8621,ENSG00000240024,6.171479136050452
8622,ENSG00000240053,4.567564912837351
8623,ENSG00000240207,3.959364247215763
8624,ENSG00000240225,5.100004464754925
8625,ENSG00000240230,4.509340508597964
8626,ENSG00000240291,5.6745529257167515
8627,ENSG00000240344,5.49558502670492
8628,ENSG00000240356,5.338099717372379
8629,ENSG00000240370,4.690753817949548
8630,ENSG00000240682,5.219865208140932
8631,ENSG00000240758,4.936554269120278
8632,ENSG00000240849,5.55939822020111
8633,ENSG00000240857,5.232369215442339
8634,ENSG00000240963,5.022671178617515
8635,ENSG00000240972,7.222766598118127
8636,ENSG00000241015,6.634650778136946
8637,ENSG00000241058,5.6792533061696
8638,ENSG00000241127,5.026220467959933
8639,ENSG00000241135,5.31145132108108
8640,ENSG00000241258,4.317864640335111
8641,ENSG00000241343,5.848970976843706
8642,ENSG00000241360,5.388455626529509
8643,ENSG00000241361,6.88161901777426
8644,ENSG00000241370,6.478349276108018
8645,ENSG00000241404,3.7653852537458574
8646,ENSG00000241468,6.304414053796754
8647,ENSG00000241549,5.859226439809451
8648,ENSG00000241553,5.547284032961496
8649,ENSG00000241685,5.9786355233469255
8650,ENSG00000241764,6.01555778666764
8651,ENSG00000241837,6.760317131481905
8652,ENSG00000241839,4.822148067955377
8653,ENSG00000241973,5.75338825341804
8654,ENSG00000242028,5.801127430150858
8655,ENSG00000242073,4.70103991869775
8656,ENSG00000242110,4.7874014601284145
8657,ENSG00000242125,5.173644063535904
8658,ENSG00000242247,5.469275821729994
8659,ENSG00000242252,4.89712639279562
8660,ENSG00000242259,7.035259379505954
8661,ENSG00000242282,5.778630468829522
8662,ENSG00000242288,4.555025899256012
8663,ENSG00000242294,3.804821810511135
8664,ENSG00000242338,4.398253459328775
8665,ENSG00000242349,4.548370344314416
8666,ENSG00000242372,5.876696927575998
8667,ENSG00000242485,6.255260568543093
8668,ENSG00000242553,4.778239761682183
8669,ENSG00000242588,4.475655166266646
8670,ENSG00000242599,4.634266583957956
8671,ENSG00000242616,6.842544295276625
8672,ENSG00000242687,3.7665477232290785
8673,ENSG00000242689,4.129589054137077
8674,ENSG00000242779,5.409105162155106
8675,ENSG00000242802,4.919966069572888
8676,ENSG00000243056,4.695924250265799
8677,ENSG00000243147,6.221369282448107
8678,ENSG00000243207,5.058408291478105
8679,ENSG00000243251,4.788347838637919
8680,ENSG00000243317,6.591000671075804
8681,ENSG00000243477,6.671659847045876
8682,ENSG00000243554,5.090713343512213
8683,ENSG00000243587,5.117212100172367
8684,ENSG00000243646,6.537808888511392
8685,ENSG00000243667,3.944881617034081
8686,ENSG00000243678,6.846218726132348
8687,ENSG00000243708,4.5853386425266205
8688,ENSG00000243725,5.0597687994634155
8689,ENSG00000243749,7.960057190730548
8690,ENSG00000243789,6.478904350346949
8691,ENSG00000243811,6.385135544237277
8692,ENSG00000243927,6.185359072514101
8693,ENSG00000243943,5.944932761176131
8694,ENSG00000243970,3.937967288646662
8695,ENSG00000243989,8.280118978058528
8696,ENSG00000244005,6.078746827480422
8697,ENSG00000244038,6.669019435289619
8698,ENSG00000244041,8.130742793067121
8699,ENSG00000244045,4.04264709059074
8700,ENSG00000244055,4.826750037765155
8701,ENSG00000244115,7.837506908806823
8702,ENSG00000244187,7.91180879446385
8703,ENSG00000244300,6.456453102053607
8704,ENSG00000244405,5.071133594031873
8705,ENSG00000244462,5.5376967619254716
8706,ENSG00000244486,5.866065624073785
8707,ENSG00000244509,7.843255415271139
8708,ENSG00000244625,4.102674274314395
8709,ENSG00000244627,5.838970689836561
8710,ENSG00000244687,6.766162723240057
8711,ENSG00000244754,5.9453968445009
8712,ENSG00000244945,3.726678277982634
8713,ENSG00000245025,3.148603337696721
8714,ENSG00000245060,5.517458071823665
8715,ENSG00000245213,7.092444819152321
8716,ENSG00000245275,4.104595037944353
8717,ENSG00000245556,5.195717484784108
8718,ENSG00000245648,5.208478753324447
8719,ENSG00000245694,6.506067877001947
8720,ENSG00000245910,6.3955201172169005
8721,ENSG00000245937,7.841854022164148
8722,ENSG00000245958,4.936608031639783
8723,ENSG00000246174,4.78717634455347
8724,ENSG00000246560,5.386500526478562
8725,ENSG00000246889,6.232516995423082
8726,ENSG00000246922,4.519252545342551
8727,ENSG00000246985,6.188086199473583
8728,ENSG00000247077,6.060662803189636
8729,ENSG00000247240,8.509280802761824
8730,ENSG00000247498,6.351693556233872
8731,ENSG00000247516,5.142945607467328
8732,ENSG00000247556,6.599766570494706
8733,ENSG00000247596,6.746552746017132
8734,ENSG00000247708,4.886817157658338
8735,ENSG00000247774,6.6924720476666995
8736,ENSG00000247809,4.254540142727992
8737,ENSG00000247828,6.961813184319596
8738,ENSG00000248049,5.810433678292723
8739,ENSG00000248092,5.884089414629384
8740,ENSG00000248098,5.865174284163198
8741,ENSG00000248101,6.4325724787006
8742,ENSG00000248103,4.931214202990095
8743,ENSG00000248131,5.863306020339048
8744,ENSG00000248167,4.888467575158775
8745,ENSG00000248215,8.953756790445546
8746,ENSG00000248275,6.669557174789201
8747,ENSG00000248333,5.202072861307371
8748,ENSG00000248476,4.445989315577818
8749,ENSG00000248491,6.418835427105325
8750,ENSG00000248498,5.622474225366686
8751,ENSG00000248503,7.140592223148605
8752,ENSG00000248592,6.006074888502562
8753,ENSG00000248596,5.314196466759719
8754,ENSG00000248643,4.80009843125691
8755,ENSG00000248710,3.9673577927265944
8756,ENSG00000248774,3.8445089804049086
8757,ENSG00000248810,5.121412197519432
8758,ENSG00000248884,5.442577499437215
8759,ENSG00000248919,4.578222521739111
8760,ENSG00000249069,6.771595810315513
8761,ENSG00000249087,6.613012521383953
8762,ENSG00000249115,6.508018397211881
8763,ENSG00000249141,7.056612854172213
8764,ENSG00000249196,6.89953977768594
8765,ENSG00000249209,6.758268706222641
8766,ENSG00000249240,4.75271566536169
8767,ENSG00000249319,4.625171046872911
8768,ENSG00000249502,3.1516779292991943
8769,ENSG00000249550,6.025015291978461
8770,ENSG00000249592,5.737969888323218
8771,ENSG00000249624,6.473444094764671
8772,ENSG00000249709,4.066074442980222
8773,ENSG00000249773,3.8148164038501275
8774,ENSG00000249803,6.157882472871427
8775,ENSG00000249859,4.9253149441344215
8776,ENSG00000249884,5.163483748071554
8777,ENSG00000249915,6.092626672318404
8778,ENSG00000249967,5.24844814823143
8779,ENSG00000250021,5.695821738220462
8780,ENSG00000250067,4.704142464727176
8781,ENSG00000250075,4.430680700802225
8782,ENSG00000250132,5.497830290304189
8783,ENSG00000250151,5.2947750803106555
8784,ENSG00000250159,6.809296265926355
8785,ENSG00000250251,6.137473150397572
8786,ENSG00000250264,7.768703729191508
8787,ENSG00000250299,4.531812426429397
8788,ENSG00000250317,7.0718360938875975
8789,ENSG00000250337,9.328590289226542
8790,ENSG00000250361,6.435594313085777
8791,ENSG00000250420,4.799859833061448
8792,ENSG00000250424,5.68923605565256
8793,ENSG00000250451,6.220118038591624
8794,ENSG00000250453,5.029711059068963
8795,ENSG00000250479,6.975310437380179
8796,ENSG00000250490,3.4643886175051097
8797,ENSG00000250506,4.176101688988072
8798,ENSG00000250571,6.9884426366228665
8799,ENSG00000250644,7.00330323766416
8800,ENSG00000250722,6.438676570663873
8801,ENSG00000250764,3.7168991929624124
8802,ENSG00000250959,4.59594088775678
8803,ENSG00000250988,4.446976129989441
8804,ENSG00000251022,5.485883956586402
8805,ENSG00000251026,5.545607298445853
8806,ENSG00000251085,5.681287405362589
8807,ENSG00000251129,6.4077558023557595
8808,ENSG00000251138,5.382570739247511
8809,ENSG00000251184,5.430641797170056
8810,ENSG00000251199,6.045185054015449
8811,ENSG00000251201,5.495794833759511
8812,ENSG00000251323,3.5687480905424303
8813,ENSG00000251349,6.401469286897078
8814,ENSG00000251357,7.308401737969659
8815,ENSG00000251369,4.581115185546044
8816,ENSG00000251381,6.593012328341421
8817,ENSG00000251434,5.666130968860506
8818,ENSG00000251474,4.241579740894577
8819,ENSG00000251503,6.066232589599183
8820,ENSG00000251562,6.523314104510442
8821,ENSG00000251580,6.07649652358
8822,ENSG00000251595,4.844532730004859
8823,ENSG00000251660,7.587669703535147
8824,ENSG00000253251,4.558488944224796
8825,ENSG00000253301,5.79633846166181
8826,ENSG00000253352,6.426085588345019
8827,ENSG00000253394,5.590809983087633
8828,ENSG00000253476,4.494854698323145
8829,ENSG00000253584,5.943003606350536
8830,ENSG00000253686,5.09237952136708
8831,ENSG00000253706,5.764563201915676
8832,ENSG00000253710,5.300276701468981
8833,ENSG00000253716,6.24555502423977
8834,ENSG00000253729,6.326690653587598
8835,ENSG00000253738,3.8994479580808834
8836,ENSG00000253797,5.405489276989087
8837,ENSG00000253853,4.297896629573269
8838,ENSG00000253877,6.6718128834850585
8839,ENSG00000253878,4.498678864488086
8840,ENSG00000253948,6.034002854600317
8841,ENSG00000253982,5.690840702187017
8842,ENSG00000254004,4.765256756442562
8843,ENSG00000254087,5.279386795079716
8844,ENSG00000254093,5.981629598857915
8845,ENSG00000254101,5.627401069472813
8846,ENSG00000254298,4.238672818858068
8847,ENSG00000254413,6.065148783900507
8848,ENSG00000254462,5.912616591248757
8849,ENSG00000254470,4.179935550419397
8850,ENSG00000254505,6.130269245935802
8851,ENSG00000254531,6.414368112895504
8852,ENSG00000254536,5.952322743830035
8853,ENSG00000254560,5.224148960037658
8854,ENSG00000254614,5.139427646685457
8855,ENSG00000254633,4.531900801423864
8856,ENSG00000254634,4.824439901336844
8857,ENSG00000254635,5.083670134467899
8858,ENSG00000254673,5.7186590384217375
8859,ENSG00000254692,5.866783283275091
8860,ENSG00000254732,6.244340968083097
8861,ENSG00000254772,7.1720584974542545
8862,ENSG00000254788,6.242535365386105
8863,ENSG00000254806,4.308755546460958
8864,ENSG00000254837,4.503050623534157
8865,ENSG00000254870,5.6903236310047
8866,ENSG00000254876,4.644918137550571
8867,ENSG00000254929,6.119284959737814
8868,ENSG00000254959,5.103553186040541
8869,ENSG00000254979,6.893537317762752
8870,ENSG00000254986,5.769429416816991
8871,ENSG00000254996,5.418868946950299
8872,ENSG00000254999,6.417983250230328
8873,ENSG00000255036,4.94715758046718
8874,ENSG00000255042,6.46918396654006
8875,ENSG00000255073,5.134852867827886
8876,ENSG00000255152,5.459996733650525
8877,ENSG00000255154,4.775631771305989
8878,ENSG00000255198,4.617870112504233
8879,ENSG00000255284,6.5059176371802465
8880,ENSG00000255292,5.162227085221568
8881,ENSG00000255339,6.8348246773440575
8882,ENSG00000255432,6.133408782728719
8883,ENSG00000255439,6.297895976376448
8884,ENSG00000255448,5.2956918148908905
8885,ENSG00000255508,7.10439421933905
8886,ENSG00000255526,6.089121422885587
8887,ENSG00000255529,5.263706853525895
8888,ENSG00000255561,4.040788901128638
8889,ENSG00000255663,4.730802744439643
8890,ENSG00000255666,6.5628948752299205
8891,ENSG00000255717,5.214877805358292
8892,ENSG00000255769,6.052690860435679
8893,ENSG00000255835,6.6567256966678015
8894,ENSG00000255857,5.772258539897646
8895,ENSG00000255863,6.052190907220388
8896,ENSG00000255872,4.1888696064773425
8897,ENSG00000256001,5.58855151527619
8898,ENSG00000256028,5.965454669394722
8899,ENSG00000256053,6.221722613547839
8900,ENSG00000256060,4.643471080187257
8901,ENSG00000256087,4.455033706426734
8902,ENSG00000256206,6.174432807835542
8903,ENSG00000256223,5.23382109227975
8904,ENSG00000256235,5.552963415697079
8905,ENSG00000256269,5.410977180607752
8906,ENSG00000256349,5.450609742433939
8907,ENSG00000256417,4.607231270840602
8908,ENSG00000256500,5.720269142761382
8909,ENSG00000256514,6.587852415299622
8910,ENSG00000256525,6.076612325843168
8911,ENSG00000256566,4.77127325720335
8912,ENSG00000256591,4.69481726579485
8913,ENSG00000256594,6.101810774836174
8914,ENSG00000256625,3.3072060463302377
8915,ENSG00000256646,6.545972492904724
8916,ENSG00000256667,5.038171622261106
8917,ENSG00000256683,4.10089740585375
8918,ENSG00000256771,4.584354698726069
8919,ENSG00000256825,4.942639478942705
8920,ENSG00000256861,5.85420176003963
8921,ENSG00000256966,4.875254637344336
8922,ENSG00000256971,4.619824322518709
8923,ENSG00000257065,5.165601974192069
8924,ENSG00000257103,4.8285356979331375
8925,ENSG00000257218,5.699947109602741
8926,ENSG00000257267,5.797789044350345
8927,ENSG00000257379,6.170174594116721
8928,ENSG00000257390,4.772608060894812
8929,ENSG00000257411,6.438144712489277
8930,ENSG00000257524,6.892377105297394
8931,ENSG00000257529,5.877047387665847
8932,ENSG00000257621,4.743386294896548
8933,ENSG00000257681,4.789390924780539
8934,ENSG00000257698,6.575905647727793
8935,ENSG00000257727,5.9171522511360415
8936,ENSG00000257815,4.114344937642977
8937,ENSG00000257893,6.1077229868976195
8938,ENSG00000257921,4.6569400416042015
8939,ENSG00000257923,5.0688900606818
8940,ENSG00000257949,4.857440701679117
8941,ENSG00000257950,5.878481155885409
8942,ENSG00000258028,5.427802298698971
8943,ENSG00000258038,4.974808806476149
8944,ENSG00000258052,7.936513348308324
8945,ENSG00000258056,5.773744664923755
8946,ENSG00000258064,5.625890029822044
8947,ENSG00000258210,6.539676904770297
8948,ENSG00000258289,5.527375325976663
8949,ENSG00000258311,6.053186521218173
8950,ENSG00000258315,6.1712319995250215
8951,ENSG00000258317,3.9475004888845215
8952,ENSG00000258365,4.603561424247023
8953,ENSG00000258388,5.1574631948690755
8954,ENSG00000258399,5.204088011742108
8955,ENSG00000258429,4.966837705482495
8956,ENSG00000258465,5.807436867092522
8957,ENSG00000258466,5.867316994974006
8958,ENSG00000258472,5.721249794035636
8959,ENSG00000258529,5.715751613308673
8960,ENSG00000258539,4.572336098006542
8961,ENSG00000258555,5.070812966163944
8962,ENSG00000258643,5.819808838981008
8963,ENSG00000258653,5.084048171200715
8964,ENSG00000258674,6.409041202922171
8965,ENSG00000258677,5.348013432605967
8966,ENSG00000258724,5.903747691763558
8967,ENSG00000258725,3.6807268349470452
8968,ENSG00000258728,6.479702114952787
8969,ENSG00000258790,6.079030972755976
8970,ENSG00000258791,5.051467765386794
8971,ENSG00000258830,5.929780733505985
8972,ENSG00000258838,4.67573086672789
8973,ENSG00000258839,4.837318729202167
8974,ENSG00000258864,5.968985179230661
8975,ENSG00000258881,5.556561532746006
8976,ENSG00000258890,5.11511937449053
8977,ENSG00000258924,4.016361148289637
8978,ENSG00000258932,6.4530112540266416
8979,ENSG00000258941,5.916109762136117
8980,ENSG00000258984,5.824284425727914
8981,ENSG00000259024,5.254460736323499
8982,ENSG00000259040,5.505203856142389
8983,ENSG00000259053,4.756003737582532
8984,ENSG00000259080,5.965658386980898
8985,ENSG00000259112,6.193139592772804
8986,ENSG00000259115,5.231495408726446
8987,ENSG00000259132,8.787493640126325
8988,ENSG00000259138,2.7804450960195157
8989,ENSG00000259288,5.359772334129332
8990,ENSG00000259305,5.339929514289427
8991,ENSG00000259315,5.677835165470796
8992,ENSG00000259332,6.069758647911346
8993,ENSG00000259371,5.9978058580021
8994,ENSG00000259399,5.651459122633614
8995,ENSG00000259429,7.1979690079331995
8996,ENSG00000259469,4.67438448508119
8997,ENSG00000259471,5.7063839312653775
8998,ENSG00000259494,5.458837688341269
8999,ENSG00000259522,5.917599121777186
9000,ENSG00000259529,5.584480546722807
9001,ENSG00000259560,4.340245104058831
9002,ENSG00000259692,5.8782933699777455
9003,ENSG00000259719,4.135758842258601
9004,ENSG00000259784,6.246044026442416
9005,ENSG00000259786,5.898746505899784
9006,ENSG00000259827,4.729288978575635
9007,ENSG00000259845,4.166531695672017
9008,ENSG00000259900,4.754870238031003
9009,ENSG00000259992,7.089768525656336
9010,ENSG00000260007,5.99111056502263
9011,ENSG00000260144,3.4239106168640365
9012,ENSG00000260238,5.846042232843119
9013,ENSG00000260260,3.875520684045931
9014,ENSG00000260269,5.575053477928901
9015,ENSG00000260272,5.984128451825676
9016,ENSG00000260276,5.1887319578903925
9017,ENSG00000260342,5.423961835682305
9018,ENSG00000260371,4.754870238031003
9019,ENSG00000260404,4.349184585447442
9020,ENSG00000260456,4.6617346895389655
9021,ENSG00000260518,4.821260755831062
9022,ENSG00000260537,5.858644709317372
9023,ENSG00000260669,5.829366101375949
9024,ENSG00000260729,5.903897006803848
9025,ENSG00000260836,6.721144878357433
9026,ENSG00000260851,4.758169563602176
9027,ENSG00000260899,4.410934282472106
9028,ENSG00000260914,5.950838609933229
9029,ENSG00000260916,5.978484220627184
9030,ENSG00000261008,4.713274532154617
9031,ENSG00000261011,6.5267672725252375
9032,ENSG00000261067,5.7737994348647055
9033,ENSG00000261147,5.729943331438509
9034,ENSG00000261221,6.284542648825844
9035,ENSG00000261236,6.725680422296746
9036,ENSG00000261341,3.157356408603205
9037,ENSG00000261373,7.270464638642394
9038,ENSG00000261377,5.677316924313074
9039,ENSG00000261386,3.6508171933252394
9040,ENSG00000261408,4.662768651976693
9041,ENSG00000261448,7.239945729074427
9042,ENSG00000261487,6.992257102350426
9043,ENSG00000261490,3.9299134145987615
9044,ENSG00000261553,5.775178642992035
9045,ENSG00000261556,3.621692241116011
9046,ENSG00000261609,4.9745984250996385
9047,ENSG00000261611,5.009284308685621
9048,ENSG00000261717,5.866878395820295
9049,ENSG00000261732,5.040850828800274
9050,ENSG00000261761,4.830017617431885
9051,ENSG00000261771,5.877576468537057
9052,ENSG00000261777,4.260818867281211
9053,ENSG00000261796,5.219865208140932
9054,ENSG00000261824,6.784016594273585
9055,ENSG00000261832,6.802673740828223
9056,ENSG00000261864,3.602954753181227
9057,ENSG00000261884,6.075681669858396
9058,ENSG00000261915,5.99386945427396
9059,ENSG00000262246,6.009676478642382
9060,ENSG00000262302,6.290025009333071
9061,ENSG00000262304,5.388256625257056
9062,ENSG00000262481,7.5445179254775665
9063,ENSG00000262484,4.287284493917376
9064,ENSG00000262526,6.129740450508347
9065,ENSG00000262621,5.058968188650353
9066,ENSG00000262633,4.614525690204937
9067,ENSG00000262660,5.940033467620193
9068,ENSG00000262664,5.489343814003346
9069,ENSG00000262730,3.4673763185892237
9070,ENSG00000262814,5.784548410672662
9071,ENSG00000262879,4.280937628262501
9072,ENSG00000262919,6.099432825988906
9073,ENSG00000263001,5.480689593857128
9074,ENSG00000263020,6.50699577979685
9075,ENSG00000263335,4.0620951877042835
9076,ENSG00000263620,5.93030148283177
9077,ENSG00000263647,4.3034798140569155
9078,ENSG00000263711,6.482411705698869
9079,ENSG00000263766,5.798273327843004
9080,ENSG00000263798,6.516002154618414
9081,ENSG00000263809,6.625683401843929
9082,ENSG00000263862,3.5075088202026645
9083,ENSG00000263956,4.503706166747459
9084,ENSG00000264058,6.119972058529756
9085,ENSG00000264112,4.766982980486546
9086,ENSG00000264187,5.0578748581742765
9087,ENSG00000264242,3.666391956248756
9088,ENSG00000264278,5.707829466505473
9089,ENSG00000264324,6.236163239211466
9090,ENSG00000264364,5.734419951729269
9091,ENSG00000264522,5.113161286883044
9092,ENSG00000264538,4.041490773527695
9093,ENSG00000264668,5.039869414638777
9094,ENSG00000264734,4.0420111585186875
9095,ENSG00000264772,5.9217506565331695
9096,ENSG00000264813,5.04374006751541
9097,ENSG00000264920,6.030575120734523
9098,ENSG00000265241,5.174885965075782
9099,ENSG00000265257,6.331014215372718
9100,ENSG00000265264,5.59967935793018
9101,ENSG00000265282,3.0605078211135712
9102,ENSG00000265303,5.921211152303122
9103,ENSG00000265354,5.3478665371869205
9104,ENSG00000265408,6.377621425743208
9105,ENSG00000265451,3.9835087404713025
9106,ENSG00000265491,5.87848457662662
9107,ENSG00000265590,6.790479119330453
9108,ENSG00000265681,6.824767093206327
9109,ENSG00000265690,6.088595286608219
9110,ENSG00000265794,5.220980708739283
9111,ENSG00000265808,6.022421634013651
9112,ENSG00000265817,5.339415161372723
9113,ENSG00000265818,5.702845873165161
9114,ENSG00000265843,7.512387279618245
9115,ENSG00000265888,3.8384503740341223
9116,ENSG00000265972,3.96325201703781
9117,ENSG00000266028,4.627233405101097
9118,ENSG00000266086,4.706041391598735
9119,ENSG00000266094,5.197895041214649
9120,ENSG00000266173,6.4759094131156765
9121,ENSG00000266338,6.168095255606719
9122,ENSG00000266401,4.398537895714583
9123,ENSG00000266402,4.5407664816445035
9124,ENSG00000266412,5.489119472074351
9125,ENSG00000266472,6.112218062329561
9126,ENSG00000266736,3.208416075693896
9127,ENSG00000266820,3.827405216215487
9128,ENSG00000266929,5.220702709114678
9129,ENSG00000266967,5.973805539630634
9130,ENSG00000266976,5.663869527074302
9131,ENSG00000266997,6.445927298591625
9132,ENSG00000267001,5.897137867889954
9133,ENSG00000267009,6.374170038268623
9134,ENSG00000267022,4.143320682956601
9135,ENSG00000267030,3.9660412444466706
9136,ENSG00000267041,4.118330816207872
9137,ENSG00000267059,5.863227124039219
9138,ENSG00000267060,4.898315192374943
9139,ENSG00000267080,4.702488401635142
9140,ENSG00000267110,5.929826586065662
9141,ENSG00000267120,5.867033801344424
9142,ENSG00000267127,3.917808667727877
9143,ENSG00000267149,5.074417799705748
9144,ENSG00000267157,4.957173192357985
9145,ENSG00000267216,5.369362495218405
9146,ENSG00000267228,6.27848971628189
9147,ENSG00000267243,6.908880387890789
9148,ENSG00000267261,6.183873604824496
9149,ENSG00000267277,4.691141878660884
9150,ENSG00000267281,4.248907694533097
9151,ENSG00000267303,5.952260730679258
9152,ENSG00000267318,5.143621163585047
9153,ENSG00000267321,5.7248811286236325
9154,ENSG00000267374,5.914994288637082
9155,ENSG00000267426,6.266353576900991
9156,ENSG00000267467,4.735226702254684
9157,ENSG00000267475,3.995485476672465
9158,ENSG00000267477,3.904683010375194
9159,ENSG00000267561,5.835048927272769
9160,ENSG00000267575,4.853038261882336
9161,ENSG00000267577,7.1990123232636805
9162,ENSG00000267618,5.786636795457771
9163,ENSG00000267673,6.151725972355632
9164,ENSG00000267699,4.642030761796366
9165,ENSG00000267740,5.49025887482801
9166,ENSG00000267751,5.1137915233875075
9167,ENSG00000267796,6.069971218194721
9168,ENSG00000267855,6.477258764158427
9169,ENSG00000267896,4.769215363815833
9170,ENSG00000268043,4.3593666107508575
9171,ENSG00000268083,5.882218950486306
9172,ENSG00000268133,3.828104415655127
9173,ENSG00000268173,5.607919193862712
9174,ENSG00000268362,4.262791992501583
9175,ENSG00000268400,7.053636228004332
9176,ENSG00000268434,6.6263037754415475
9177,ENSG00000268439,5.407698727925963
9178,ENSG00000268465,4.714413967770945
9179,ENSG00000268516,6.616244102787845
9180,ENSG00000268543,5.8694402348132515
9181,ENSG00000268575,4.911871251321541
9182,ENSG00000268614,6.733113500395847
9183,ENSG00000268621,7.125781537665044
9184,ENSG00000268643,5.791748347882009
9185,ENSG00000268750,4.566121611412439
9186,ENSG00000268790,5.298288763413716
9187,ENSG00000268916,7.346247472571359
9188,ENSG00000268975,6.838953849120172
9189,ENSG00000269026,3.7281772127848134
9190,ENSG00000269095,5.321558229692024
9191,ENSG00000269237,5.925894339432876
9192,ENSG00000269242,6.439508234490698
9193,ENSG00000269293,5.20652609835953
9194,ENSG00000269307,6.5354989738436435
9195,ENSG00000269335,5.631390354623172
9196,ENSG00000269343,5.152438665347256
9197,ENSG00000269352,4.716512677615977
9198,ENSG00000269386,5.415418852928378
9199,ENSG00000269403,7.069820202366993
9200,ENSG00000269404,4.346120683826572
9201,ENSG00000269547,6.279604532967576
9202,ENSG00000269590,6.342826074677981
9203,ENSG00000269600,4.273837257297362
9204,ENSG00000269609,6.369872150322592
9205,ENSG00000269693,3.970180161929644
9206,ENSG00000269743,6.084116847399184
9207,ENSG00000269749,4.721692553375138
9208,ENSG00000269858,5.310609102129687
9209,ENSG00000269881,7.15366043502044
9210,ENSG00000269893,5.118905710595768
9211,ENSG00000269897,5.793559061184919
9212,ENSG00000269955,5.3508390888313375
9213,ENSG00000270024,5.2322638902067045
9214,ENSG00000270106,5.129008016434068
9215,ENSG00000270136,6.264916840464946
9216,ENSG00000270149,6.411024861197521
9217,ENSG00000270181,5.651239485143103
9218,ENSG00000270231,6.180914222223257
9219,ENSG00000270249,5.721515879210107
9220,ENSG00000270316,4.1658635602770895
9221,ENSG00000270617,6.109376071521019
9222,ENSG00000270629,5.272443995836658
9223,ENSG00000270647,6.137307047260892
9224,ENSG00000270757,5.492519331515231
9225,ENSG00000270800,6.6994252488243236
9226,ENSG00000270816,5.908300199657743
9227,ENSG00000270872,4.836849379727317
9228,ENSG00000270898,5.892575344200485
9229,ENSG00000271092,5.723237867429066
9230,ENSG00000271147,5.838426691281776
9231,ENSG00000271303,4.7984503851708205
9232,ENSG00000271335,6.119861927095059
9233,ENSG00000271417,5.233459829549468
9234,ENSG00000271601,5.820205183683255
9235,ENSG00000271605,5.403221122848548
9236,ENSG00000271723,5.366513019952237
9237,ENSG00000271725,3.445401518468326
9238,ENSG00000271736,5.626406589915274
9239,ENSG00000271741,5.80986211801362
9240,ENSG00000271793,5.765980900586695
9241,ENSG00000271810,6.462715011821186
9242,ENSG00000271816,4.23274809356349
9243,ENSG00000271853,4.786212184314153
9244,ENSG00000271856,5.494467127045827
9245,ENSG00000271880,6.472175085917178
9246,ENSG00000271949,5.836103681723327
9247,ENSG00000272047,6.405198095030738
9248,ENSG00000272053,7.219919288757992
9249,ENSG00000272140,4.286237506961561
9250,ENSG00000272162,6.053172286183563
9251,ENSG00000272217,4.059317334004126
9252,ENSG00000272273,6.239179840256628
9253,ENSG00000272288,7.13061013559088
9254,ENSG00000272325,5.862264386185469
9255,ENSG00000272328,6.3827700725675065
9256,ENSG00000272333,5.517890304945416
9257,ENSG00000272368,3.6759238648205943
9258,ENSG00000272391,5.5678387051467935
9259,ENSG00000272398,7.281281293410968
9260,ENSG00000272410,5.098200977218117
9261,ENSG00000272508,6.322730969455274
9262,ENSG00000272556,4.775870635553112
9263,ENSG00000272578,5.631546921103736
9264,ENSG00000272602,5.834638823198234
9265,ENSG00000272620,4.935259217874857
9266,ENSG00000272647,4.964875735522925
9267,ENSG00000272655,4.457053438603765
9268,ENSG00000272657,6.376509767341144
9269,ENSG00000272679,6.875631634146014
9270,ENSG00000272741,5.649434024138094
9271,ENSG00000272752,5.086210411457324
9272,ENSG00000272762,9.758255179792446
9273,ENSG00000272772,6.523790322360955
9274,ENSG00000272779,5.9915926076979344
9275,ENSG00000272822,6.318264693412487
9276,ENSG00000272869,5.635556170752465
9277,ENSG00000272886,4.906525056173345
9278,ENSG00000272888,4.929387942069317
9279,ENSG00000272897,5.846042417075484
9280,ENSG00000272899,4.08429291923527
9281,ENSG00000272916,5.440328116432116
9282,ENSG00000272917,5.59798873875027
9283,ENSG00000272921,6.24908820895863
9284,ENSG00000272968,4.8387241847372735
9285,ENSG00000272980,5.615412952246261
9286,ENSG00000273000,6.266713515439938
9287,ENSG00000273003,6.491647129594646
9288,ENSG00000273025,5.373261437348436
9289,ENSG00000273061,5.8872427669474074
9290,ENSG00000273088,6.706685240251879
9291,ENSG00000273112,7.906726859146818
9292,ENSG00000273154,5.39012024767707
9293,ENSG00000273155,6.350287176390876
9294,ENSG00000273184,5.384660044198499
9295,ENSG00000273189,6.204985388759384
9296,ENSG00000273217,4.76620875334593
9297,ENSG00000273265,3.9056664714363696
9298,ENSG00000273269,5.219044894872491
9299,ENSG00000273294,4.537018634931013
9300,ENSG00000273299,5.25618837297523
9301,ENSG00000273331,5.575746119748959
9302,ENSG00000273398,5.322176389648956
9303,ENSG00000273432,4.711011130606246
9304,ENSG00000273559,4.705206365238558
9305,ENSG00000273611,5.697838874224741
9306,ENSG00000273637,4.931112324348857
9307,ENSG00000273734,7.492104079061135
9308,ENSG00000273749,6.8360763663844875
9309,ENSG00000273784,4.703665380348389
9310,ENSG00000273840,5.015851531364775
9311,ENSG00000273841,7.324308319845594
9312,ENSG00000273899,5.241329248202124
9313,ENSG00000274020,6.649578065546276
9314,ENSG00000274049,5.816127932895513
9315,ENSG00000274070,4.942721629992563
9316,ENSG00000274211,5.482433722772794
9317,ENSG00000274272,5.898528599757729
9318,ENSG00000274322,6.979746254464158
9319,ENSG00000274372,3.6925751472768673
9320,ENSG00000274386,4.373112724202843
9321,ENSG00000274391,4.896314472657898
9322,ENSG00000274471,4.802820589718393
9323,ENSG00000274523,5.727336515899314
9324,ENSG00000274527,5.253283854426509
9325,ENSG00000274536,4.876716053878788
9326,ENSG00000274769,5.252336671346542
9327,ENSG00000274874,6.128200961729382
9328,ENSG00000274949,4.953670295622577
9329,ENSG00000275004,4.632599952761646
9330,ENSG00000275016,5.870887040734566
9331,ENSG00000275023,6.29116069507077
9332,ENSG00000275052,5.304732318228472
9333,ENSG00000275066,5.485288500633172
9334,ENSG00000275111,3.9098480004647818
9335,ENSG00000275131,5.421558655959709
9336,ENSG00000275342,4.254162918165254
9337,ENSG00000275700,5.917357944582014
9338,ENSG00000275740,5.321210653415933
9339,ENSG00000275778,5.445940720411599
9340,ENSG00000275835,5.383088564115986
9341,ENSG00000275895,4.964847156423056
9342,ENSG00000276023,4.813189839957894
9343,ENSG00000276026,4.5019111278743615
9344,ENSG00000276043,5.633314300545582
9345,ENSG00000276087,6.551469136686774
9346,ENSG00000276234,5.198001804172012
9347,ENSG00000276291,5.645256685738725
9348,ENSG00000276293,5.644424081778846
9349,ENSG00000276302,4.548724347267601
9350,ENSG00000276418,5.62181768837789
9351,ENSG00000276805,4.566806457846005
9352,ENSG00000277072,4.740604240017505
9353,ENSG00000277149,3.795454285956781
9354,ENSG00000277161,3.7296235893508505
9355,ENSG00000277258,6.599511841190013
9356,ENSG00000277654,4.6133114953053305
9357,ENSG00000277669,6.578026763226625
9358,ENSG00000277693,5.842084436707703
9359,ENSG00000277726,5.1611719716503925
9360,ENSG00000277791,6.457564730781993
9361,ENSG00000277877,5.088719666082999
9362,ENSG00000277957,6.11674043030165
9363,ENSG00000277971,5.462982383166779
9364,ENSG00000277972,7.110320439696267
9365,ENSG00000278053,5.66177490319949
9366,ENSG00000278129,5.269984005222763
9367,ENSG00000278139,4.031955766887693
9368,ENSG00000278202,7.3683894000992955
9369,ENSG00000278259,5.856223465619735
9370,ENSG00000278311,5.102765227529145
9371,ENSG00000278419,5.8649831740049985
9372,ENSG00000278535,6.913118116035004
9373,ENSG00000278540,5.3784839553227375
9374,ENSG00000278615,5.673849032585679
9375,ENSG00000278619,6.89984835564875
9376,ENSG00000278845,6.145036020681599
9377,ENSG00000278882,2.4087265499869104
9378,ENSG00000278931,5.025172570010958
9379,ENSG00000278932,5.635875535301691
9380,ENSG00000279457,4.976742241583415
9381,ENSG00000279516,5.131971364797667
9382,ENSG00000279624,5.795066839323081
9383,ENSG00000279669,6.517838078574448
9384,ENSG00000279765,4.379485953463672
9385,ENSG00000280148,5.82905354291083
9386,ENSG00000280537,5.035754523614062
9387,ENSG00000280571,6.953017435461048
9388,ENSG00000280607,5.269758902257096
9389,ENSG00000280670,5.790870142007863
9390,ENSG00000280789,5.23445272141485
9391,ENSG00000280828,4.418388890325496
9392,ENSG00000280893,5.23445272141485
9393,ENSG00000281028,5.831739294282056
9394,ENSG00000281039,6.882723237742607
9395,ENSG00000281131,5.534421990176835
9396,ENSG00000281398,5.538320741176075
9397,ENSG00000281501,5.045596720961037
9398,ENSG00000281566,6.751006217453204
9399,ENSG00000281593,5.6108015540392175
9400,ENSG00000281649,5.6120851415843775
9401,ENSG00000281706,4.379183411615009
9402,ENSG00000281991,4.4258890773143635
9403,ENSG00000282031,7.003324359578487
9404,ENSG00000282034,4.820987469025815
9405,ENSG00000282218,5.780927010558286
9406,ENSG00000282246,5.040661398561507
9407,ENSG00000282278,6.037591708041259
9408,ENSG00000282826,5.136955561628617
9409,ENSG00000282851,6.196942305416641
9410,ENSG00000282870,4.111437926943198
9411,ENSG00000282883,6.034316401015963
9412,ENSG00000282889,5.962376911272035
9413,ENSG00000282907,7.247196242810412
9414,ENSG00000282913,5.415026288928713
9415,ENSG00000282955,6.87934738261866
9416,ENSG00000282960,5.253283854426509
9417,ENSG00000282988,4.294634087703172
9418,ENSG00000282995,6.429178505627181
9419,ENSG00000283023,4.588505246869403
9420,ENSG00000283047,5.934445025417186
9421,ENSG00000283050,4.877191100324355
9422,ENSG00000283088,4.36955341386169
9423,ENSG00000283095,6.614868540033733
9424,ENSG00000283103,4.583707254497815
9425,ENSG00000283117,7.0789212197289455
=======
,gene_id,junction half-life [min]
0,ENSG00000000419,244.52931511312198
1,ENSG00000000457,71.7096866963157
2,ENSG00000000460,136.986106624823
3,ENSG00000000971,2603.0562059423
4,ENSG00000001036,857.788719454278
5,ENSG00000001084,333.756168340701
6,ENSG00000001167,201.14536190253602
7,ENSG00000001497,1000.44299770877
8,ENSG00000001629,302.035927947039
9,ENSG00000001630,988.266032282021
10,ENSG00000001631,188.782266380818
11,ENSG00000002549,333.87405426119597
12,ENSG00000002822,73.16778484401651
13,ENSG00000002834,360.445848827509
14,ENSG00000002919,207.565981258852
15,ENSG00000003056,351.056488878407
16,ENSG00000003147,171.160098846511
17,ENSG00000003393,399.06688114550906
18,ENSG00000003400,356.09425751302103
19,ENSG00000003402,295.089268522486
20,ENSG00000003436,451.300955746375
21,ENSG00000003509,309.740066733883
22,ENSG00000003756,106.956715307846
23,ENSG00000004059,823.922633665995
24,ENSG00000004139,41.0245191476382
25,ENSG00000004142,481.800006608535
26,ENSG00000004399,1086.98054375266
27,ENSG00000004455,918.4486788901871
28,ENSG00000004478,1246.2852511358099
29,ENSG00000004487,447.085953889913
30,ENSG00000004534,280.95273119768797
31,ENSG00000004700,533.54866201404
32,ENSG00000004766,251.80152519593702
33,ENSG00000004779,416.654150868833
34,ENSG00000004864,234.050693138571
35,ENSG00000004866,146.374818811952
36,ENSG00000004897,265.444851984403
37,ENSG00000004961,219.991537815516
38,ENSG00000004975,273.597009734642
39,ENSG00000005007,272.018215290184
40,ENSG00000005022,692.191638629199
41,ENSG00000005075,610.613256289203
42,ENSG00000005100,284.945196397588
43,ENSG00000005156,505.921627992181
44,ENSG00000005175,217.061998370658
45,ENSG00000005187,724.3845190350239
46,ENSG00000005189,578.399310630002
47,ENSG00000005194,533.405578706417
48,ENSG00000005238,69.7327411169909
49,ENSG00000005249,854.7592981937249
50,ENSG00000005302,269.962203488509
51,ENSG00000005339,116.5982214534
52,ENSG00000005379,25.9007796210216
53,ENSG00000005436,752.206683891949
54,ENSG00000005483,136.289902983963
55,ENSG00000005486,994.079767484998
56,ENSG00000005700,275.84811732429904
57,ENSG00000005801,201.102414601263
58,ENSG00000005810,239.931376155378
59,ENSG00000005812,99.56657461048991
60,ENSG00000005889,76.6335946927256
61,ENSG00000005893,653.175959350584
62,ENSG00000006007,696.66280605933
63,ENSG00000006015,1715.3140248105499
64,ENSG00000006025,181.400885167327
65,ENSG00000006062,55.5545253039124
66,ENSG00000006125,600.591035919617
67,ENSG00000006194,144.524244493437
68,ENSG00000006327,91.22660249226341
69,ENSG00000006451,528.807045310627
70,ENSG00000006453,516.809557354159
71,ENSG00000006459,179.818115543467
72,ENSG00000006530,511.09893119239405
73,ENSG00000006576,430.01182361041396
74,ENSG00000006607,155.284187471075
75,ENSG00000006625,1628.09212683693
76,ENSG00000006634,279.906439562793
77,ENSG00000006652,276.367232901421
78,ENSG00000006704,310.270897023409
79,ENSG00000006712,261.411786203662
80,ENSG00000006715,472.909301985999
81,ENSG00000006744,299.369706244425
82,ENSG00000006757,494.84388514942003
83,ENSG00000006831,208.55089797441897
84,ENSG00000007038,4100.92462845213
85,ENSG00000007047,608.216052791518
86,ENSG00000007080,603.767451697086
87,ENSG00000007168,295.940090625538
88,ENSG00000007202,785.1936123482599
89,ENSG00000007341,434.52568665128996
90,ENSG00000007372,175.22624957794997
91,ENSG00000007376,437.84745698347604
92,ENSG00000007384,383.21433470923205
93,ENSG00000007392,167.916895894081
94,ENSG00000007520,542.66262614191
95,ENSG00000007545,153.532470600814
96,ENSG00000007866,542.569657260563
97,ENSG00000007923,121.292605627884
98,ENSG00000007944,73.01053228297879
99,ENSG00000007968,161.899123447368
100,ENSG00000008018,348.094680642605
101,ENSG00000008083,188.824811388219
102,ENSG00000008128,167.594788350365
103,ENSG00000008130,479.367391428476
104,ENSG00000008196,125.334184809585
105,ENSG00000008256,500.601728655935
106,ENSG00000008282,690.411676925508
107,ENSG00000008283,197.497781430565
108,ENSG00000008294,257.258352423582
109,ENSG00000008300,48.6149881013957
110,ENSG00000008324,139.41216809461702
111,ENSG00000008394,2555.85979862361
112,ENSG00000008405,275.8754790896
113,ENSG00000008441,261.923126919398
114,ENSG00000008838,518.954283077209
115,ENSG00000008869,278.435263259822
116,ENSG00000008952,384.50123472586
117,ENSG00000008988,477.669634919485
118,ENSG00000009307,516.8525074729309
119,ENSG00000009335,217.029045555266
120,ENSG00000009413,122.67231247557
121,ENSG00000009780,180.41858731589699
122,ENSG00000009830,110.038966526891
123,ENSG00000009844,263.703834852826
124,ENSG00000009954,161.49502842601
125,ENSG00000010017,319.549695802623
126,ENSG00000010072,111.36551451955299
127,ENSG00000010165,390.591453760385
128,ENSG00000010219,1549.84789020923
129,ENSG00000010244,226.230912671825
130,ENSG00000010256,546.828861582354
131,ENSG00000010270,421.48891495349295
132,ENSG00000010278,370.32456554412596
133,ENSG00000010292,302.145302054672
134,ENSG00000010310,564.057276452074
135,ENSG00000010318,382.043814254817
136,ENSG00000010322,385.984218526082
137,ENSG00000010404,294.121042335696
138,ENSG00000010539,67.4266205521422
139,ENSG00000010626,946.175866230236
140,ENSG00000010671,830.880584261483
141,ENSG00000010803,163.808010758554
142,ENSG00000010810,257.574461037197
143,ENSG00000010818,94.64182635892469
144,ENSG00000011007,156.68258543962
145,ENSG00000011009,568.957944498546
146,ENSG00000011021,137.689190464185
147,ENSG00000011052,1039.9786531345699
148,ENSG00000011114,94.85556730150628
149,ENSG00000011132,1039.6583566845
150,ENSG00000011143,1688.8070482471499
151,ENSG00000011198,235.99397669070703
152,ENSG00000011243,283.82421058949296
153,ENSG00000011258,121.681285479539
154,ENSG00000011260,217.575119349617
155,ENSG00000011275,176.186050615457
156,ENSG00000011295,516.473568812743
157,ENSG00000011304,329.709717217462
158,ENSG00000011376,181.107021645433
159,ENSG00000011405,320.254186466757
160,ENSG00000011422,42.681820440754706
161,ENSG00000011426,163.082152063923
162,ENSG00000011451,312.343814619942
163,ENSG00000011454,269.847765413096
164,ENSG00000011478,1335.89684486238
165,ENSG00000011485,623.790084149265
166,ENSG00000011523,112.462529545024
167,ENSG00000011566,287.37481249608
168,ENSG00000011677,152.759917540486
169,ENSG00000012048,304.670987640566
170,ENSG00000012061,452.880676460207
171,ENSG00000012211,502.90983151076597
172,ENSG00000012660,906.1684320625169
173,ENSG00000012779,580.653040778471
174,ENSG00000012822,909.413551023804
175,ENSG00000012963,558.664870003368
176,ENSG00000012983,210.834932709138
177,ENSG00000013275,445.065894847117
178,ENSG00000013288,291.666856028021
179,ENSG00000013306,2584.09629844122
180,ENSG00000013374,431.020280037438
181,ENSG00000013375,386.193041127238
182,ENSG00000013392,352.088402358599
183,ENSG00000013441,70.7815127056586
184,ENSG00000013503,94.02534841205059
185,ENSG00000013561,370.901725779496
186,ENSG00000013563,1689.02524975558
187,ENSG00000013573,220.83844421836497
188,ENSG00000013588,83.0963148796138
189,ENSG00000013810,343.76156744524
190,ENSG00000014123,572.937758012596
191,ENSG00000014138,121.21536010417401
192,ENSG00000014164,353.79644879544196
193,ENSG00000014216,849.019267005184
194,ENSG00000014641,1123.54978800715
195,ENSG00000014824,732.973760064165
196,ENSG00000014914,69.712104228829
197,ENSG00000014919,1323.0475168458302
198,ENSG00000015133,370.836532633692
199,ENSG00000015153,120.275604574928
200,ENSG00000015171,416.069370830219
201,ENSG00000015475,238.72390318891001
202,ENSG00000015479,363.325494299674
203,ENSG00000015676,218.460951493078
204,ENSG00000016864,570.686346155521
205,ENSG00000017260,380.13018758542
206,ENSG00000017483,2379.06016058555
207,ENSG00000017797,464.70379682098
208,ENSG00000018189,478.214541294159
209,ENSG00000018510,419.423456482258
210,ENSG00000018610,286.948895739035
211,ENSG00000018699,260.515677031936
212,ENSG00000018869,57.774180830562706
213,ENSG00000020129,467.92999065547997
214,ENSG00000020426,565.270555676047
215,ENSG00000020922,365.193426550919
216,ENSG00000021355,651.903969223361
217,ENSG00000021574,148.55740281948601
218,ENSG00000021776,156.959829228743
219,ENSG00000022277,339.935880371963
220,ENSG00000022556,182.467975771558
221,ENSG00000022840,333.538997829043
222,ENSG00000023041,338.499287773778
223,ENSG00000023191,398.866070495383
224,ENSG00000023228,511.833929096706
225,ENSG00000023287,177.92678580620097
226,ENSG00000023318,822.955732824458
227,ENSG00000023330,192.25389764149398
228,ENSG00000023572,306.042449890288
229,ENSG00000023697,1976.5512293642398
230,ENSG00000023734,806.866687898478
231,ENSG00000023892,2741.64017814625
232,ENSG00000023909,246.82151258042703
233,ENSG00000024048,225.22860430283902
234,ENSG00000024526,251.090972497674
235,ENSG00000024862,326.534813414317
236,ENSG00000025039,476.73391568460505
237,ENSG00000025156,295.546367255551
238,ENSG00000025434,738.306629120721
239,ENSG00000025770,383.95887022583196
240,ENSG00000025772,365.46789177277003
241,ENSG00000025796,345.14777449085096
242,ENSG00000025800,222.21861411894199
243,ENSG00000026025,704.939509929447
244,ENSG00000026297,1160.5076923506801
245,ENSG00000026508,165.514772627881
246,ENSG00000026652,249.27542192927
247,ENSG00000026950,696.729982680678
248,ENSG00000027697,391.41378090230006
249,ENSG00000028116,619.821723927727
250,ENSG00000028137,542.586598705542
251,ENSG00000028203,333.087765515757
252,ENSG00000028310,225.136263566853
253,ENSG00000028528,278.01175422839196
254,ENSG00000028839,331.671518718618
255,ENSG00000029153,978.335663053842
256,ENSG00000029363,156.2676019928
257,ENSG00000029364,241.810934993709
258,ENSG00000029534,221.553763405522
259,ENSG00000029639,651.014288772766
260,ENSG00000029725,332.650295778614
261,ENSG00000029993,219.301547637966
262,ENSG00000030066,290.521418201831
263,ENSG00000030419,144.605691041256
264,ENSG00000030582,610.4378224032599
265,ENSG00000031003,110.64122211741699
266,ENSG00000031691,96.7866250125173
267,ENSG00000031698,872.1799797702021
268,ENSG00000031823,340.86001764696704
269,ENSG00000032219,132.691707567697
270,ENSG00000032389,416.347532089217
271,ENSG00000032444,710.0869165128571
272,ENSG00000033011,198.141097546908
273,ENSG00000033030,163.85648931095
274,ENSG00000033050,467.59920144240306
275,ENSG00000033100,283.23834264331504
276,ENSG00000033170,502.92007846347997
277,ENSG00000033178,701.182825179211
278,ENSG00000033327,251.508486096583
279,ENSG00000033627,290.855000698849
280,ENSG00000033800,218.86836717963402
281,ENSG00000033867,654.785329020807
282,ENSG00000034053,474.87234330503
283,ENSG00000034510,413.125290397827
284,ENSG00000034533,98.81035314038309
285,ENSG00000034693,642.343280326276
286,ENSG00000034713,515.011891443934
287,ENSG00000035141,544.519674103786
288,ENSG00000035403,379.182487680646
289,ENSG00000035499,369.19183926894897
290,ENSG00000035681,161.959230762944
291,ENSG00000035687,577.114439800905
292,ENSG00000035928,259.633979792339
293,ENSG00000036054,382.28886300787497
294,ENSG00000036257,280.673719220514
295,ENSG00000036549,114.99774879083
296,ENSG00000036672,158.124035537109
297,ENSG00000037241,365.637066931322
298,ENSG00000037474,282.055478013554
299,ENSG00000037637,231.191592647173
300,ENSG00000037749,136.03842954709899
301,ENSG00000037757,1942.53625261943
302,ENSG00000037897,121.82648934438801
303,ENSG00000038002,376.38990606622497
304,ENSG00000038210,340.951178091819
305,ENSG00000038219,138.85879178916701
306,ENSG00000038274,337.646638711479
307,ENSG00000038358,323.771038606515
308,ENSG00000038382,182.609218166483
309,ENSG00000038532,258.766924822645
310,ENSG00000039123,305.92145171307004
311,ENSG00000039319,343.75694126411
312,ENSG00000039523,820.859877492756
313,ENSG00000039560,562.644556310781
314,ENSG00000039650,574.126762670813
315,ENSG00000040199,124.292139868584
316,ENSG00000040275,296.612534448693
317,ENSG00000040341,237.367591706506
318,ENSG00000040487,110.63182299694799
319,ENSG00000040531,149.170487173601
320,ENSG00000040633,89.2726808538097
321,ENSG00000040933,337.052423687699
322,ENSG00000041357,748.0717855620329
323,ENSG00000041802,291.86874790529
324,ENSG00000041988,205.248652452094
325,ENSG00000042088,239.747209723572
326,ENSG00000042286,408.125706405246
327,ENSG00000042429,54.0881215328819
328,ENSG00000042445,465.635577672388
329,ENSG00000042493,514.590556247894
330,ENSG00000042753,615.752985300607
331,ENSG00000043093,424.42674388437797
332,ENSG00000043143,147.667167629778
333,ENSG00000043355,80.5004867197304
334,ENSG00000043462,547.1973108723639
335,ENSG00000043514,420.031604049989
336,ENSG00000044090,304.518722591406
337,ENSG00000044115,545.0459391862651
338,ENSG00000044446,288.355583113232
339,ENSG00000044459,115.912810018755
340,ENSG00000044574,445.23765002778
341,ENSG00000046604,1145.9953721726802
342,ENSG00000046647,492.913946922823
343,ENSG00000046651,308.004815989041
344,ENSG00000046774,225.942133139382
345,ENSG00000047056,73.9782917696875
346,ENSG00000047188,410.407888457867
347,ENSG00000047249,149.009358860348
348,ENSG00000047315,310.334410454318
349,ENSG00000047346,152.247757189369
350,ENSG00000047410,398.45762741658206
351,ENSG00000047578,69.54412772441421
352,ENSG00000047579,264.400491896916
353,ENSG00000047597,710.508458860318
354,ENSG00000047648,444.798211399103
355,ENSG00000047849,667.266231268443
356,ENSG00000047932,262.669062639213
357,ENSG00000048028,529.9136188888131
358,ENSG00000048052,250.44722921430198
359,ENSG00000048140,4151.37920448219
360,ENSG00000048162,331.176705029517
361,ENSG00000048392,309.408168784844
362,ENSG00000048405,98.24297521586521
363,ENSG00000048471,47.9191262420943
364,ENSG00000048544,445.021579864193
365,ENSG00000048649,239.98299769935198
366,ENSG00000048707,183.78023646447897
367,ENSG00000048740,243.070659175465
368,ENSG00000048828,227.38834145749803
369,ENSG00000048991,530.821212698497
370,ENSG00000049167,279.439051451713
371,ENSG00000049192,195.544997755903
372,ENSG00000049245,280.462377386965
373,ENSG00000049246,480.52887052730597
374,ENSG00000049249,112.43366455489999
375,ENSG00000049449,376.87967978084504
376,ENSG00000049541,474.718658236553
377,ENSG00000049618,184.118963174653
378,ENSG00000049656,853.157169135014
379,ENSG00000049759,218.87499514472302
380,ENSG00000049860,573.214756432369
381,ENSG00000049883,334.269607797452
382,ENSG00000050130,346.71043918485003
383,ENSG00000050344,523.027663623544
384,ENSG00000050393,482.225677756319
385,ENSG00000050405,316.332192172158
386,ENSG00000050426,3155.0224238639803
387,ENSG00000050748,2257.8533049892603
388,ENSG00000050767,1167.39698531264
389,ENSG00000051009,279.75439031270696
390,ENSG00000051108,155.441541136833
391,ENSG00000051180,290.953223598589
392,ENSG00000051341,302.241055796416
393,ENSG00000051382,297.801038317022
394,ENSG00000051523,4312.09067054585
395,ENSG00000051596,1373.4097773927099
396,ENSG00000051620,663.584813984382
397,ENSG00000051825,167.652981900114
398,ENSG00000052126,145.90639451769698
399,ENSG00000052344,378.442066121136
400,ENSG00000052723,268.898212731165
401,ENSG00000052749,243.551389278419
402,ENSG00000052795,128.312952205471
403,ENSG00000052802,945.504191811078
404,ENSG00000052841,385.400380362416
405,ENSG00000053254,168.652194753258
406,ENSG00000053371,523.8841295087909
407,ENSG00000053372,325.917063889682
408,ENSG00000053501,396.498924449255
409,ENSG00000053770,163.946702273889
410,ENSG00000053900,551.570859274479
411,ENSG00000054116,350.016260212584
412,ENSG00000054118,248.57194454573798
413,ENSG00000054148,1273.2787525332699
414,ENSG00000054267,111.865849286644
415,ENSG00000054282,356.048596883482
416,ENSG00000054523,289.471726423027
417,ENSG00000054611,74.2971892757189
418,ENSG00000054690,414.62091017328794
419,ENSG00000054965,245.215150989186
420,ENSG00000054967,187.927389078503
421,ENSG00000054983,590.99941441691
422,ENSG00000055044,271.699182488528
423,ENSG00000055070,257.801050534923
424,ENSG00000055118,545.061040183764
425,ENSG00000055130,313.111324316899
426,ENSG00000055147,1050.47931526699
427,ENSG00000055208,112.497030357568
428,ENSG00000055211,686.919551893292
429,ENSG00000055332,642.669866340304
430,ENSG00000055483,153.278627530074
431,ENSG00000055609,186.57355174323502
432,ENSG00000055917,225.232096197047
433,ENSG00000055950,730.195068259887
434,ENSG00000056050,906.946641168475
435,ENSG00000056097,318.552773490393
436,ENSG00000056277,140.341016426969
437,ENSG00000056586,124.419288763582
438,ENSG00000057252,544.3182033843959
439,ENSG00000057294,496.75101148199303
440,ENSG00000057468,52.8262081593728
441,ENSG00000057608,739.989474968678
442,ENSG00000057663,273.743766112178
443,ENSG00000057757,255.26927962541
444,ENSG00000057935,241.918835025416
445,ENSG00000058063,372.314582402472
446,ENSG00000058262,284.84218160793097
447,ENSG00000058272,150.271642916006
448,ENSG00000058600,131.52887854057698
449,ENSG00000058668,323.452224257846
450,ENSG00000058673,211.80453938667802
451,ENSG00000058729,283.872581902588
452,ENSG00000058799,1007.03269627616
453,ENSG00000058804,620.933590179641
454,ENSG00000059145,169.264206978885
455,ENSG00000059378,571.540375821143
456,ENSG00000059573,929.6123860813581
457,ENSG00000059691,212.73624816125098
458,ENSG00000059728,89.35858452947409
459,ENSG00000059758,161.67069384178998
460,ENSG00000059769,140.497881215128
461,ENSG00000059804,455.202888329054
462,ENSG00000060069,102.77131345747401
463,ENSG00000060138,958.9086675159979
464,ENSG00000060237,225.707096952207
465,ENSG00000060339,184.003964054356
466,ENSG00000060491,566.61965066502
467,ENSG00000060642,529.062502003825
468,ENSG00000060688,128.502254340699
469,ENSG00000060749,247.043510193028
470,ENSG00000060762,1305.99744615877
471,ENSG00000060971,313.319610686703
472,ENSG00000060982,1165.8851205236501
473,ENSG00000061273,510.995849750438
474,ENSG00000061676,519.346405221251
475,ENSG00000061794,399.89362582182196
476,ENSG00000061936,119.938759267076
477,ENSG00000061987,199.319238895424
478,ENSG00000062194,265.938345325205
479,ENSG00000062485,472.527158257419
480,ENSG00000062582,688.6758007638119
481,ENSG00000062650,201.60485971374
482,ENSG00000062716,295.48120325990004
483,ENSG00000062725,135.446629991658
484,ENSG00000062822,555.278500804834
485,ENSG00000063046,542.780076022956
486,ENSG00000063169,191.598701403684
487,ENSG00000063177,1052.67616561655
488,ENSG00000063180,244.390964793422
489,ENSG00000063241,364.864863942464
490,ENSG00000063244,369.137253379029
491,ENSG00000063245,646.501966724682
492,ENSG00000063322,231.74842455063703
493,ENSG00000063438,116.874251605562
494,ENSG00000063587,249.401501989606
495,ENSG00000063601,386.557636586295
496,ENSG00000063854,868.350083531004
497,ENSG00000063978,145.453964275919
498,ENSG00000064012,125.001110983555
499,ENSG00000064102,340.96361211011003
500,ENSG00000064115,3028.5329395608696
501,ENSG00000064199,276.828840913294
502,ENSG00000064201,23.634030375041398
503,ENSG00000064313,154.538292248777
504,ENSG00000064393,167.029354126292
505,ENSG00000064419,344.186749507099
506,ENSG00000064489,162.580688425814
507,ENSG00000064490,594.781574028539
508,ENSG00000064547,680.2036295647799
509,ENSG00000064601,447.119042255839
510,ENSG00000064607,330.212524705347
511,ENSG00000064651,159.379694367925
512,ENSG00000064652,1521.78190113337
513,ENSG00000064666,801.097474485677
514,ENSG00000064703,102.056136033221
515,ENSG00000064726,331.905431636723
516,ENSG00000064763,1286.23763032794
517,ENSG00000064933,912.598793326879
518,ENSG00000064961,833.6415841531481
519,ENSG00000064995,656.476528356211
520,ENSG00000064999,373.479446643165
521,ENSG00000065000,332.29064666773996
522,ENSG00000065029,330.190255236569
523,ENSG00000065060,329.439941338661
524,ENSG00000065135,366.242358842966
525,ENSG00000065150,1154.83860322134
526,ENSG00000065154,348.01238324505096
527,ENSG00000065183,447.15849651711
528,ENSG00000065243,222.883824711073
529,ENSG00000065268,771.1001969475999
530,ENSG00000065308,217.71471082478297
531,ENSG00000065328,387.064938817669
532,ENSG00000065413,185.210715629557
533,ENSG00000065427,659.5228234941391
534,ENSG00000065485,315.092577121246
535,ENSG00000065491,294.534945516295
536,ENSG00000065526,201.213882521144
537,ENSG00000065548,432.33838906157996
538,ENSG00000065559,194.154410895454
539,ENSG00000065613,488.78066202393205
540,ENSG00000065615,251.755072127108
541,ENSG00000065621,34.1468946302936
542,ENSG00000065665,1362.35338867313
543,ENSG00000065802,161.71035656492901
544,ENSG00000065833,405.91978260757304
545,ENSG00000065882,857.265473019312
546,ENSG00000065883,135.00376072818
547,ENSG00000065911,536.5057521514769
548,ENSG00000065970,122.528725918698
549,ENSG00000065978,880.682104498001
550,ENSG00000065989,342.275522466977
551,ENSG00000066027,453.0125774858401
552,ENSG00000066044,532.623620936177
553,ENSG00000066084,220.554655218881
554,ENSG00000066117,207.881980086834
555,ENSG00000066135,147.717386766124
556,ENSG00000066136,180.640362577015
557,ENSG00000066279,163.298360981742
558,ENSG00000066322,411.289601199692
559,ENSG00000066336,489.76645818233703
560,ENSG00000066379,580.573832769801
561,ENSG00000066422,399.58712719560896
562,ENSG00000066427,291.658108702674
563,ENSG00000066455,206.131634716325
564,ENSG00000066557,611.207761362598
565,ENSG00000066583,612.158284114348
566,ENSG00000066651,322.957648226503
567,ENSG00000066654,183.260134048864
568,ENSG00000066697,573.8437919485201
569,ENSG00000066739,420.877971607519
570,ENSG00000066777,325.733297061336
571,ENSG00000066855,316.773503901945
572,ENSG00000066923,270.396581150941
573,ENSG00000066926,344.64932935511104
574,ENSG00000067057,371.767765118896
575,ENSG00000067064,386.150245799113
576,ENSG00000067066,155.99203745796498
577,ENSG00000067082,84.56356241229619
578,ENSG00000067167,524.830382294009
579,ENSG00000067177,268.880801528147
580,ENSG00000067182,195.218075165704
581,ENSG00000067208,71.4158338931134
582,ENSG00000067225,294.08179237284804
583,ENSG00000067248,295.336715880835
584,ENSG00000067334,120.096625211799
585,ENSG00000067365,113.581463278079
586,ENSG00000067369,539.119705163264
587,ENSG00000067533,206.313033914016
588,ENSG00000067560,656.452911356014
589,ENSG00000067596,117.68393003603799
590,ENSG00000067606,437.96352400028604
591,ENSG00000067704,1031.30685788138
592,ENSG00000067829,842.2362800493879
593,ENSG00000067900,651.95610596867
594,ENSG00000067955,361.556874774496
595,ENSG00000068001,148.720997572162
596,ENSG00000068024,187.9263686334
597,ENSG00000068028,122.889864266252
598,ENSG00000068078,304.968666718297
599,ENSG00000068079,1677.74851747919
600,ENSG00000068097,284.622980824731
601,ENSG00000068120,474.583477478964
602,ENSG00000068305,80.13653054417699
603,ENSG00000068308,317.187101937999
604,ENSG00000068323,404.110244113691
605,ENSG00000068354,140.089817218958
606,ENSG00000068366,2415.84850984918
607,ENSG00000068383,207.298387335266
608,ENSG00000068394,344.99637825499497
609,ENSG00000068400,821.643351720823
610,ENSG00000068438,1319.05082896397
611,ENSG00000068489,368.439658395981
612,ENSG00000068650,330.885555202177
613,ENSG00000068654,125.87180066087099
614,ENSG00000068697,280.761225156505
615,ENSG00000068724,230.522214942728
616,ENSG00000068745,115.944252534692
617,ENSG00000068784,117.394915778933
618,ENSG00000068796,833.246099846621
619,ENSG00000068878,325.842592350031
620,ENSG00000068903,5427.14709404253
621,ENSG00000068912,453.10108770879003
622,ENSG00000068971,603.258415814905
623,ENSG00000068976,59.75908288996779
624,ENSG00000069011,277.742095326531
625,ENSG00000069020,79.026535151514
626,ENSG00000069248,195.100609853412
627,ENSG00000069275,831.301422505606
628,ENSG00000069329,400.22205912052596
629,ENSG00000069345,185.419350874414
630,ENSG00000069399,118.17469797549299
631,ENSG00000069482,1048.35577223489
632,ENSG00000069509,270.572922420946
633,ENSG00000069702,316.007957835627
634,ENSG00000069849,489.912399874748
635,ENSG00000069956,286.62322681912104
636,ENSG00000069974,963.199358097982
637,ENSG00000070010,178.429100925934
638,ENSG00000070018,291.995614816138
639,ENSG00000070047,163.431619790112
640,ENSG00000070061,440.581948849722
641,ENSG00000070081,1403.07329485811
642,ENSG00000070182,432.303720129513
643,ENSG00000070190,143.128842135483
644,ENSG00000070214,544.771558685124
645,ENSG00000070366,161.686146212595
646,ENSG00000070367,515.446647611622
647,ENSG00000070371,232.795438108166
648,ENSG00000070413,314.026270761194
649,ENSG00000070423,273.985996583017
650,ENSG00000070444,88.59772701686859
651,ENSG00000070476,166.671136790435
652,ENSG00000070495,160.257121725312
653,ENSG00000070501,341.572635543292
654,ENSG00000070526,201.50691082151002
655,ENSG00000070610,264.959505291948
656,ENSG00000070614,256.70998388778
657,ENSG00000070669,1434.4884013885999
658,ENSG00000070718,512.070838868754
659,ENSG00000070756,1099.3731771620098
660,ENSG00000070759,436.25331366333296
661,ENSG00000070761,174.518232875282
662,ENSG00000070770,365.790651908927
663,ENSG00000070778,72.14136085275459
664,ENSG00000070785,803.9702911776801
665,ENSG00000070814,482.097011935973
666,ENSG00000070831,339.50012438067904
667,ENSG00000070882,313.99205537302896
668,ENSG00000070950,418.658954166087
669,ENSG00000070961,306.837707508986
670,ENSG00000071054,388.887926943608
671,ENSG00000071082,404.83409906513606
672,ENSG00000071127,229.55587568187
673,ENSG00000071189,291.913120654925
674,ENSG00000071243,77.20344214276629
675,ENSG00000071462,941.3145467502119
676,ENSG00000071537,282.28257723631197
677,ENSG00000071539,359.671017437202
678,ENSG00000071553,1157.13354669504
679,ENSG00000071564,582.619725366204
680,ENSG00000071575,373.32157661760596
681,ENSG00000071626,658.0536901147519
682,ENSG00000071655,351.857802580754
683,ENSG00000071794,239.580272321544
684,ENSG00000071859,598.652121052583
685,ENSG00000071889,2073.44327173555
686,ENSG00000071894,944.43440096089
687,ENSG00000071909,232.22536619236098
688,ENSG00000071994,1173.6103305260099
689,ENSG00000072042,1488.43225361017
690,ENSG00000072062,516.077331391387
691,ENSG00000072071,329.263673865162
692,ENSG00000072110,327.420278818279
693,ENSG00000072121,60.77892758929129
694,ENSG00000072134,309.446620926554
695,ENSG00000072182,198.05069450971803
696,ENSG00000072274,259.695099313984
697,ENSG00000072310,154.504859037551
698,ENSG00000072364,121.6228796127
699,ENSG00000072401,424.615253395873
700,ENSG00000072415,188.62435812623798
701,ENSG00000072422,332.096647603386
702,ENSG00000072501,448.678771475563
703,ENSG00000072506,1095.6062302836801
704,ENSG00000072518,184.29500673333598
705,ENSG00000072571,348.588271171816
706,ENSG00000072609,307.557307520137
707,ENSG00000072736,221.80392874344398
708,ENSG00000072778,1170.07259897636
709,ENSG00000072786,263.862784820075
710,ENSG00000072803,263.588144418981
711,ENSG00000072849,192.42522367017898
712,ENSG00000072864,110.409934010931
713,ENSG00000072958,588.71837728752
714,ENSG00000073008,415.260058293852
715,ENSG00000073050,551.07149153457
716,ENSG00000073060,647.6365273189
717,ENSG00000073111,276.683341227656
718,ENSG00000073169,1868.72730172618
719,ENSG00000073417,328.944562632999
720,ENSG00000073536,393.47898447541496
721,ENSG00000073578,385.350726778021
722,ENSG00000073584,454.851985088759
723,ENSG00000073605,406.517015143132
724,ENSG00000073614,172.19543353683702
725,ENSG00000073792,951.106629040775
726,ENSG00000073849,496.113024273006
727,ENSG00000073921,858.624945883725
728,ENSG00000073969,301.92094949246604
729,ENSG00000074054,150.578776529487
730,ENSG00000074071,615.569993694364
731,ENSG00000074201,719.793906451868
732,ENSG00000074219,515.000419797572
733,ENSG00000074266,179.660316196278
734,ENSG00000074319,235.59811680176603
735,ENSG00000074356,431.651916470242
736,ENSG00000074370,383.36794469969703
737,ENSG00000074582,548.810106937164
738,ENSG00000074603,90.6683094585747
739,ENSG00000074660,86.33348794379309
740,ENSG00000074695,1637.8694134530301
741,ENSG00000074696,871.967191914557
742,ENSG00000074755,95.4689905961997
743,ENSG00000074800,698.5969762348241
744,ENSG00000074842,219.124722181199
745,ENSG00000074935,310.513352891828
746,ENSG00000074966,61.16282165260961
747,ENSG00000075089,256.37784373525903
748,ENSG00000075131,272.931337463435
749,ENSG00000075142,1356.71065152829
750,ENSG00000075151,225.841930100814
751,ENSG00000075188,368.842847454926
752,ENSG00000075218,192.95491405003503
753,ENSG00000075234,303.281156210559
754,ENSG00000075239,911.351512511002
755,ENSG00000075292,282.877358352544
756,ENSG00000075303,587.778600093446
757,ENSG00000075336,336.30909236115
758,ENSG00000075340,882.5015694574699
759,ENSG00000075399,258.323928181778
760,ENSG00000075407,350.522301407586
761,ENSG00000075413,434.438983885939
762,ENSG00000075415,463.76287632426903
763,ENSG00000075420,61.822423678648605
764,ENSG00000075426,71.3653497265668
765,ENSG00000075539,195.97219102845
766,ENSG00000075568,285.317705001737
767,ENSG00000075618,230.15968553774601
768,ENSG00000075624,502.289783626634
769,ENSG00000075643,621.3198465427099
770,ENSG00000075702,146.276590310033
771,ENSG00000075711,233.343376533401
772,ENSG00000075785,655.156022274276
773,ENSG00000075790,432.764440042837
774,ENSG00000075856,201.401345594729
775,ENSG00000075914,372.211833380183
776,ENSG00000075945,355.35665059749
777,ENSG00000075975,285.734649524862
778,ENSG00000076003,581.5818272148861
779,ENSG00000076043,1300.669390866
780,ENSG00000076053,110.045827007526
781,ENSG00000076067,536.729388436087
782,ENSG00000076201,439.49907542807097
783,ENSG00000076242,224.866778995624
784,ENSG00000076248,252.005589905167
785,ENSG00000076321,137.183977172706
786,ENSG00000076382,380.184835682548
787,ENSG00000076513,307.928979366088
788,ENSG00000076604,306.16531430385396
789,ENSG00000076650,97.5987852951169
790,ENSG00000076662,705.912657758153
791,ENSG00000076685,857.210608662063
792,ENSG00000076864,276.552140312586
793,ENSG00000076924,415.19108931469594
794,ENSG00000076944,1257.87169327004
795,ENSG00000076984,286.318206806788
796,ENSG00000077044,330.647479729434
797,ENSG00000077097,616.029395796806
798,ENSG00000077147,419.46832708654404
799,ENSG00000077150,619.587881215624
800,ENSG00000077152,424.12098188253
801,ENSG00000077157,82.80512550728841
802,ENSG00000077232,584.061330742681
803,ENSG00000077235,318.45106402221
804,ENSG00000077254,355.09003660604304
805,ENSG00000077312,265.71779034580504
806,ENSG00000077348,947.2182297354599
807,ENSG00000077380,540.2247903036721
808,ENSG00000077454,432.55257018064
809,ENSG00000077458,149.522863238629
810,ENSG00000077463,745.414224418705
811,ENSG00000077514,275.61545073939
812,ENSG00000077549,663.325694017486
813,ENSG00000077684,175.59111770820098
814,ENSG00000077713,749.412686364239
815,ENSG00000077721,410.979288289039
816,ENSG00000077782,250.12679742554002
817,ENSG00000078043,558.578387438127
818,ENSG00000078061,581.458545438505
819,ENSG00000078070,605.378685791586
820,ENSG00000078124,570.9129194360311
821,ENSG00000078140,502.708117873417
822,ENSG00000078142,103.037179537725
823,ENSG00000078177,321.872478088439
824,ENSG00000078246,393.60369080863
825,ENSG00000078269,91.198438793305
826,ENSG00000078304,518.264251484484
827,ENSG00000078319,425.859771069096
828,ENSG00000078369,417.751449376454
829,ENSG00000078403,262.114773110515
830,ENSG00000078487,145.584165315223
831,ENSG00000078596,932.516959108497
832,ENSG00000078618,910.386629638372
833,ENSG00000078668,766.336284591117
834,ENSG00000078674,445.76475488135804
835,ENSG00000078687,94.2972382945405
836,ENSG00000078699,270.645580448183
837,ENSG00000078747,118.944702688865
838,ENSG00000078804,169.622992920891
839,ENSG00000078808,484.339153475956
840,ENSG00000078902,540.8921325362741
841,ENSG00000078967,563.81427351191
842,ENSG00000079134,355.802474954571
843,ENSG00000079246,523.917329747445
844,ENSG00000079277,251.24626062251
845,ENSG00000079313,202.036750472839
846,ENSG00000079332,345.598216666711
847,ENSG00000079335,188.319548814076
848,ENSG00000079387,191.613634110878
849,ENSG00000079393,1125.6489222432099
850,ENSG00000079432,138.764372047274
851,ENSG00000079459,568.186038852322
852,ENSG00000079462,1193.8748731533901
853,ENSG00000079482,228.96910990150397
854,ENSG00000079616,326.64761842364
855,ENSG00000079691,146.962616844964
856,ENSG00000079785,340.104553482047
857,ENSG00000079805,618.550173515699
858,ENSG00000079819,951.555618222427
859,ENSG00000079950,490.302974072563
860,ENSG00000079999,135.685804461983
861,ENSG00000080031,85.0797904893081
862,ENSG00000080345,228.18815655011903
863,ENSG00000080371,256.508040310061
864,ENSG00000080603,124.744138184019
865,ENSG00000080608,241.620360929298
866,ENSG00000080802,151.653859191941
867,ENSG00000080815,180.887589180108
868,ENSG00000080819,615.572478099504
869,ENSG00000080822,1062.4585203445802
870,ENSG00000080824,937.2111806479919
871,ENSG00000080839,104.127009467791
872,ENSG00000080845,867.2869066029491
873,ENSG00000080986,194.793226765055
874,ENSG00000081014,139.843351501624
875,ENSG00000081019,75.19715443291891
876,ENSG00000081026,111.696880925914
877,ENSG00000081041,52.84742843876511
878,ENSG00000081087,623.240139444092
879,ENSG00000081148,40.5956203744752
880,ENSG00000081154,1634.85637556985
881,ENSG00000081181,1506.96135063328
882,ENSG00000081189,149.122600258776
883,ENSG00000081237,1029.2912954497
884,ENSG00000081307,474.819812588282
885,ENSG00000081320,135.636203498241
886,ENSG00000081386,110.639922167516
887,ENSG00000081692,241.75527883347698
888,ENSG00000081721,153.56724486237
889,ENSG00000081791,277.25560045121
890,ENSG00000081870,496.73935946488604
891,ENSG00000081913,101.113141540965
892,ENSG00000082014,191.72456695924802
893,ENSG00000082068,95.8783403584133
894,ENSG00000082153,283.544876173923
895,ENSG00000082196,78.92207792296041
896,ENSG00000082212,1192.2538775436599
897,ENSG00000082213,440.39431527569803
898,ENSG00000082258,140.403180913799
899,ENSG00000082269,228.965589890424
900,ENSG00000082397,485.58806158900995
901,ENSG00000082512,261.565312629481
902,ENSG00000082515,365.361429202608
903,ENSG00000082516,310.137248983609
904,ENSG00000082641,454.82815866489403
905,ENSG00000082701,151.541129762584
906,ENSG00000082781,279.114272763106
907,ENSG00000082805,67.8896077155205
908,ENSG00000082898,590.913743534505
909,ENSG00000082996,294.776062176847
910,ENSG00000083093,90.1125391641576
911,ENSG00000083097,210.93408615799197
912,ENSG00000083099,149.168158988994
913,ENSG00000083168,135.809177833219
914,ENSG00000083223,142.205656554417
915,ENSG00000083312,131.696706965008
916,ENSG00000083444,971.038097585139
917,ENSG00000083457,784.785877304516
918,ENSG00000083520,186.148284651337
919,ENSG00000083535,121.68113514419399
920,ENSG00000083544,485.692430079662
921,ENSG00000083635,135.551813818931
922,ENSG00000083642,228.77004712971902
923,ENSG00000083750,167.543302383194
924,ENSG00000083807,1179.67515102225
925,ENSG00000083812,34.1861679428522
926,ENSG00000083814,94.0938680813249
927,ENSG00000083817,42.685755819925795
928,ENSG00000083828,67.5145103723534
929,ENSG00000083845,773.9221604323869
930,ENSG00000083896,271.576781285648
931,ENSG00000083937,405.458617422751
932,ENSG00000084070,1107.64635114573
933,ENSG00000084072,409.639590345694
934,ENSG00000084073,376.45846916713305
935,ENSG00000084090,237.109682676771
936,ENSG00000084092,362.083453573695
937,ENSG00000084093,114.83621613655399
938,ENSG00000084112,82.4096436160345
939,ENSG00000084207,1724.40330970972
940,ENSG00000084234,593.94210137838
941,ENSG00000084463,339.187530621269
942,ENSG00000084623,678.942020352176
943,ENSG00000084652,155.91016112724702
944,ENSG00000084676,231.732470594497
945,ENSG00000084693,329.124208566806
946,ENSG00000084733,293.802767581089
947,ENSG00000084754,811.2464224760209
948,ENSG00000084764,1485.59261505316
949,ENSG00000084774,383.290986796325
950,ENSG00000085063,393.412862677257
951,ENSG00000085185,128.53003407591498
952,ENSG00000085224,228.419593127959
953,ENSG00000085231,351.774171131209
954,ENSG00000085274,131.72968970125402
955,ENSG00000085377,686.983600843722
956,ENSG00000085415,603.473091098414
957,ENSG00000085433,106.28261017538401
958,ENSG00000085449,398.325066741813
959,ENSG00000085465,76.8627450561616
960,ENSG00000085491,445.95989986428003
961,ENSG00000085511,393.37598741739305
962,ENSG00000085514,65.5967611597483
963,ENSG00000085644,227.880462784085
964,ENSG00000085719,939.8909366187261
965,ENSG00000085721,123.090676700553
966,ENSG00000085733,380.10035828216303
967,ENSG00000085760,547.2082486177
968,ENSG00000085788,549.1329156319509
969,ENSG00000085832,599.884036633398
970,ENSG00000085840,191.887687297979
971,ENSG00000085871,618.420183075282
972,ENSG00000085872,263.599582657281
973,ENSG00000085978,58.143391471934606
974,ENSG00000085998,1593.9321930766198
975,ENSG00000085999,294.39408474768
976,ENSG00000086015,277.93435231408597
977,ENSG00000086061,230.44094910816202
978,ENSG00000086062,297.712751263236
979,ENSG00000086065,327.765334368507
980,ENSG00000086102,118.73812849988
981,ENSG00000086189,427.57358898978305
982,ENSG00000086200,192.271773857016
983,ENSG00000086232,717.9654185608749
984,ENSG00000086475,358.763363581211
985,ENSG00000086504,959.574509986747
986,ENSG00000086544,151.368575582641
987,ENSG00000086589,196.983431519221
988,ENSG00000086598,463.137928417894
989,ENSG00000086619,331.20633883612703
990,ENSG00000086666,514.38742162995
991,ENSG00000086712,247.2021378369
992,ENSG00000086730,46.586939498728
993,ENSG00000086758,232.99683872895199
994,ENSG00000086827,205.41950921494401
995,ENSG00000086848,303.61231663002104
996,ENSG00000087008,164.222055774639
997,ENSG00000087053,449.21401976534304
998,ENSG00000087074,90.7371997359033
999,ENSG00000087077,640.151002377863
1000,ENSG00000087086,855.6657705553661
1001,ENSG00000087087,191.566382476184
1002,ENSG00000087088,1689.3067789619502
1003,ENSG00000087095,274.87142277257703
1004,ENSG00000087111,1272.21467883593
1005,ENSG00000087152,143.910266275356
1006,ENSG00000087157,173.707973169318
1007,ENSG00000087191,575.491925386037
1008,ENSG00000087206,63.210521132157794
1009,ENSG00000087253,429.654142380249
1010,ENSG00000087263,495.360175207318
1011,ENSG00000087269,188.80473794357
1012,ENSG00000087274,603.947184794417
1013,ENSG00000087299,550.159923667463
1014,ENSG00000087301,339.12112509517004
1015,ENSG00000087302,743.5540645208799
1016,ENSG00000087338,624.331094583568
1017,ENSG00000087365,524.350958464267
1018,ENSG00000087448,1050.45632887634
1019,ENSG00000087460,964.4024263489231
1020,ENSG00000087470,575.838538094674
1021,ENSG00000087502,277.930453365515
1022,ENSG00000087586,174.71207930961398
1023,ENSG00000087589,90.9990485909391
1024,ENSG00000087884,606.245441267733
1025,ENSG00000087995,312.18526438392297
1026,ENSG00000088038,191.62384169021598
1027,ENSG00000088179,104.346821695845
1028,ENSG00000088205,338.818843289386
1029,ENSG00000088247,428.627197863115
1030,ENSG00000088256,278.66225207576696
1031,ENSG00000088298,453.76750284882
1032,ENSG00000088305,294.394530494101
1033,ENSG00000088325,303.832412470015
1034,ENSG00000088356,162.23080691515
1035,ENSG00000088387,271.56102919026296
1036,ENSG00000088448,437.080702265325
1037,ENSG00000088451,273.59101619529497
1038,ENSG00000088682,678.9048110034311
1039,ENSG00000088727,116.949127553548
1040,ENSG00000088766,468.391460720695
1041,ENSG00000088812,274.262757583285
1042,ENSG00000088826,337.376796138543
1043,ENSG00000088832,1024.4363208726
1044,ENSG00000088833,214.715004883362
1045,ENSG00000088854,147.229664817098
1046,ENSG00000088876,191.960097975784
1047,ENSG00000088888,343.334119830373
1048,ENSG00000088930,382.5302598453201
1049,ENSG00000088970,277.095722637255
1050,ENSG00000088986,219.349368713824
1051,ENSG00000088992,294.028137459332
1052,ENSG00000089006,269.37541625026904
1053,ENSG00000089009,766.21083898903
1054,ENSG00000089022,189.169200010559
1055,ENSG00000089048,248.95336031578998
1056,ENSG00000089053,925.138682257802
1057,ENSG00000089057,298.974327024394
1058,ENSG00000089063,1072.83787141268
1059,ENSG00000089154,361.400817706939
1060,ENSG00000089157,864.042195758024
1061,ENSG00000089159,412.362966959324
1062,ENSG00000089177,210.672949114352
1063,ENSG00000089195,250.596286599085
1064,ENSG00000089220,834.961104195035
1065,ENSG00000089234,112.05552437883999
1066,ENSG00000089248,420.284097035514
1067,ENSG00000089280,290.363046198503
1068,ENSG00000089289,460.667213110987
1069,ENSG00000089327,1379.80226780221
1070,ENSG00000089351,509.93323110761594
1071,ENSG00000089472,817.047593395965
1072,ENSG00000089597,764.874439547472
1073,ENSG00000089639,377.32117406948504
1074,ENSG00000089682,379.587357916296
1075,ENSG00000089685,175.085092837043
1076,ENSG00000089692,47.903086886507
1077,ENSG00000089693,499.056696882267
1078,ENSG00000089818,395.83739077533096
1079,ENSG00000089820,470.681907008657
1080,ENSG00000089876,479.574916423803
1081,ENSG00000089902,202.754385278463
1082,ENSG00000090006,2841.1655070145803
1083,ENSG00000090013,3264.72922830317
1084,ENSG00000090020,114.922218836327
1085,ENSG00000090054,316.531188056576
1086,ENSG00000090060,426.145607426063
1087,ENSG00000090061,456.922528180384
1088,ENSG00000090238,617.460254946041
1089,ENSG00000090263,599.4674354963839
1090,ENSG00000090266,829.760401825038
1091,ENSG00000090273,897.7932822760471
1092,ENSG00000090316,143.227021259704
1093,ENSG00000090339,474.301215299702
1094,ENSG00000090372,312.569292527477
1095,ENSG00000090432,90.1502725867098
1096,ENSG00000090447,295.415507664377
1097,ENSG00000090470,147.11842309409
1098,ENSG00000090520,519.808672181017
1099,ENSG00000090554,683.465632736711
1100,ENSG00000090581,560.718404873417
1101,ENSG00000090612,96.3979416234091
1102,ENSG00000090615,1086.9647795835099
1103,ENSG00000090621,211.809150792117
1104,ENSG00000090661,738.5509727733839
1105,ENSG00000090686,457.480328647261
1106,ENSG00000090857,93.85494690358308
1107,ENSG00000090861,557.631298584829
1108,ENSG00000090863,456.56133864339205
1109,ENSG00000090889,156.635294542567
1110,ENSG00000090905,150.39153820917102
1111,ENSG00000090924,162.806468917677
1112,ENSG00000090989,480.746972744571
1113,ENSG00000091009,219.79435780068403
1114,ENSG00000091039,332.236952543905
1115,ENSG00000091127,233.748766011628
1116,ENSG00000091136,2646.34270503893
1117,ENSG00000091140,654.168177223907
1118,ENSG00000091157,101.67985281822901
1119,ENSG00000091164,320.594233800031
1120,ENSG00000091317,218.39989394001302
1121,ENSG00000091436,133.977118716104
1122,ENSG00000091483,652.003168388145
1123,ENSG00000091490,420.38301662490096
1124,ENSG00000091527,288.521319099741
1125,ENSG00000091542,227.848009233733
1126,ENSG00000091592,135.544453100429
1127,ENSG00000091640,289.984977049391
1128,ENSG00000091651,193.795872581348
1129,ENSG00000091732,267.48558909312
1130,ENSG00000091947,1830.9569134929102
1131,ENSG00000092010,1344.83006480401
1132,ENSG00000092020,358.69703972481904
1133,ENSG00000092036,8554.78404484876
1134,ENSG00000092094,211.41042116228297
1135,ENSG00000092098,248.037112542525
1136,ENSG00000092108,306.46343008273203
1137,ENSG00000092140,228.764260211894
1138,ENSG00000092148,193.868426011212
1139,ENSG00000092199,600.342515875482
1140,ENSG00000092201,336.341072881965
1141,ENSG00000092203,240.926018107262
1142,ENSG00000092330,243.67180639424498
1143,ENSG00000092439,222.72146746226503
1144,ENSG00000092470,203.81947611085602
1145,ENSG00000092531,1046.4902122373599
1146,ENSG00000092621,1141.20010108634
1147,ENSG00000092820,237.38636013772597
1148,ENSG00000092841,532.370334317957
1149,ENSG00000092847,328.077006191119
1150,ENSG00000092853,166.88742969062798
1151,ENSG00000092871,280.736442108925
1152,ENSG00000092964,375.11842691625503
1153,ENSG00000092969,20.249933834722302
1154,ENSG00000092978,170.511523775464
1155,ENSG00000093000,152.764367439839
1156,ENSG00000093009,184.93615000393902
1157,ENSG00000093010,1102.47542711527
1158,ENSG00000093100,253.67868274680401
1159,ENSG00000093144,861.0801467463251
1160,ENSG00000093167,556.724078353331
1161,ENSG00000093183,153.445673417929
1162,ENSG00000093217,200.231087944374
1163,ENSG00000094804,97.47037787488951
1164,ENSG00000094841,427.433987347637
1165,ENSG00000094880,226.762258410117
1166,ENSG00000094914,613.1669677240619
1167,ENSG00000094916,540.093002634025
1168,ENSG00000094975,228.296168570653
1169,ENSG00000095002,536.678309396605
1170,ENSG00000095015,155.978596934415
1171,ENSG00000095059,1069.18328242928
1172,ENSG00000095139,333.03326233095197
1173,ENSG00000095209,912.663944917832
1174,ENSG00000095261,287.38055614822
1175,ENSG00000095303,2411.4923655756697
1176,ENSG00000095319,305.87250658786303
1177,ENSG00000095380,444.339147352927
1178,ENSG00000095485,286.252281972108
1179,ENSG00000095564,285.93256973242296
1180,ENSG00000095574,409.554391142908
1181,ENSG00000095596,109.186027446026
1182,ENSG00000095637,194.511856777844
1183,ENSG00000095739,52.025772318091605
1184,ENSG00000095787,155.595333423357
1185,ENSG00000095794,611.2774422954229
1186,ENSG00000095906,958.629214452617
1187,ENSG00000095951,138.312138729731
1188,ENSG00000096060,844.524692059487
1189,ENSG00000096063,854.3251934666341
1190,ENSG00000096070,129.377583928561
1191,ENSG00000096080,136.827861618058
1192,ENSG00000096384,572.099089792462
1193,ENSG00000096401,141.346731250606
1194,ENSG00000096433,821.009294334543
1195,ENSG00000096654,145.517944771177
1196,ENSG00000096717,94.7889063110247
1197,ENSG00000096746,975.782329227384
1198,ENSG00000096872,347.21461882307295
1199,ENSG00000096968,459.39761184708703
1200,ENSG00000097007,206.250797490015
1201,ENSG00000097021,633.776343495826
1202,ENSG00000097033,474.618364456949
1203,ENSG00000097046,384.705058250784
1204,ENSG00000097096,245.448380042174
1205,ENSG00000099194,1068.53278344919
1206,ENSG00000099203,269.93840439508597
1207,ENSG00000099219,1771.9274616081
1208,ENSG00000099246,288.804155158642
1209,ENSG00000099290,181.740804285843
1210,ENSG00000099308,168.17673495816
1211,ENSG00000099330,1076.0094300615801
1212,ENSG00000099331,321.416690240583
1213,ENSG00000099341,792.7137024605099
1214,ENSG00000099364,600.191550501453
1215,ENSG00000099377,467.933780431876
1216,ENSG00000099381,146.397582756096
1217,ENSG00000099385,591.611721005793
1218,ENSG00000099399,421.43871190264394
1219,ENSG00000099622,227.34323566204603
1220,ENSG00000099624,1713.12128263022
1221,ENSG00000099783,353.75010776284796
1222,ENSG00000099785,352.027068109066
1223,ENSG00000099795,636.889937367804
1224,ENSG00000099797,1353.4552434905302
1225,ENSG00000099800,369.76313532532004
1226,ENSG00000099804,455.730640649058
1227,ENSG00000099817,643.676239780877
1228,ENSG00000099821,499.02564665493105
1229,ENSG00000099860,64.0513573278708
1230,ENSG00000099875,440.49045891798403
1231,ENSG00000099889,515.374991259534
1232,ENSG00000099899,215.748980269454
1233,ENSG00000099901,501.366892085177
1234,ENSG00000099904,631.976088428714
1235,ENSG00000099917,256.34521637845404
1236,ENSG00000099940,275.724759234799
1237,ENSG00000099942,124.63987893562
1238,ENSG00000099949,260.116499163295
1239,ENSG00000099954,246.947629627975
1240,ENSG00000099956,465.890531944914
1241,ENSG00000099958,1233.52412062116
1242,ENSG00000099968,300.245954287467
1243,ENSG00000099991,1082.0454356718499
1244,ENSG00000099992,175.46657359884702
1245,ENSG00000099994,37.4319336723259
1246,ENSG00000099995,313.504885880964
1247,ENSG00000100014,159.303783300122
1248,ENSG00000100027,193.803975817636
1249,ENSG00000100028,405.22653608423997
1250,ENSG00000100029,210.80664949622602
1251,ENSG00000100030,286.48265461602904
1252,ENSG00000100034,683.658642189871
1253,ENSG00000100038,139.040973542381
1254,ENSG00000100056,201.64892383914798
1255,ENSG00000100058,341.020289659448
1256,ENSG00000100068,118.983519229989
1257,ENSG00000100075,1498.19977567654
1258,ENSG00000100077,643.591041472787
1259,ENSG00000100083,447.045027308551
1260,ENSG00000100084,175.169932495647
1261,ENSG00000100092,511.741707330215
1262,ENSG00000100097,643.147676186666
1263,ENSG00000100099,256.000746772465
1264,ENSG00000100101,188.921058554637
1265,ENSG00000100104,428.983943323526
1266,ENSG00000100105,78.03564911994009
1267,ENSG00000100106,251.90774427762997
1268,ENSG00000100109,138.666136816337
1269,ENSG00000100116,1215.69909104065
1270,ENSG00000100129,866.361671223181
1271,ENSG00000100138,520.563353060494
1272,ENSG00000100139,282.489332281966
1273,ENSG00000100142,340.992666634964
1274,ENSG00000100147,664.448037385745
1275,ENSG00000100150,60.270284907737
1276,ENSG00000100154,57.141286876883704
1277,ENSG00000100162,144.34060989771498
1278,ENSG00000100181,527.296138843426
1279,ENSG00000100196,681.271398003808
1280,ENSG00000100201,420.797946635248
1281,ENSG00000100206,346.867506820803
1282,ENSG00000100207,276.67330171721403
1283,ENSG00000100209,269.889121506626
1284,ENSG00000100216,367.931495684998
1285,ENSG00000100219,239.22385607726397
1286,ENSG00000100220,396.660353103729
1287,ENSG00000100221,134.673618219942
1288,ENSG00000100225,463.538168843349
1289,ENSG00000100226,282.366837462252
1290,ENSG00000100227,226.505815553537
1291,ENSG00000100239,418.175617977941
1292,ENSG00000100241,818.1263913497501
1293,ENSG00000100242,279.093327189412
1294,ENSG00000100243,639.041149664732
1295,ENSG00000100258,710.311593728619
1296,ENSG00000100263,89.6865609903959
1297,ENSG00000100266,267.26006867046
1298,ENSG00000100280,799.528198613828
1299,ENSG00000100281,120.53042503869699
1300,ENSG00000100284,171.97266308673198
1301,ENSG00000100285,195.045894758014
1302,ENSG00000100288,618.902147125589
1303,ENSG00000100294,266.022594273155
1304,ENSG00000100296,368.208508738302
1305,ENSG00000100297,352.97744433444296
1306,ENSG00000100304,646.4032764671421
1307,ENSG00000100316,1103.7803863447198
1308,ENSG00000100320,355.81002392063994
1309,ENSG00000100324,1244.36152025975
1310,ENSG00000100325,471.768717230335
1311,ENSG00000100330,220.511573972256
1312,ENSG00000100335,135.874231153004
1313,ENSG00000100336,375.066973528958
1314,ENSG00000100345,214.51928021224498
1315,ENSG00000100347,606.237080756726
1316,ENSG00000100348,649.23496378748
1317,ENSG00000100350,278.638836966584
1318,ENSG00000100351,567.461928447601
1319,ENSG00000100353,439.15720596582395
1320,ENSG00000100354,131.679915152997
1321,ENSG00000100359,1130.06950771938
1322,ENSG00000100372,569.310679674132
1323,ENSG00000100376,627.404903213273
1324,ENSG00000100380,816.643185662534
1325,ENSG00000100387,415.41720728533403
1326,ENSG00000100393,105.816001600373
1327,ENSG00000100395,265.17585327422995
1328,ENSG00000100401,300.883174336412
1329,ENSG00000100403,797.681580850681
1330,ENSG00000100410,206.753862085982
1331,ENSG00000100412,439.399854435261
1332,ENSG00000100413,141.418447441464
1333,ENSG00000100416,111.007470734451
1334,ENSG00000100417,354.37070165377196
1335,ENSG00000100425,102.01160355591999
1336,ENSG00000100429,664.0007420729941
1337,ENSG00000100439,394.232579798252
1338,ENSG00000100441,218.615035358479
1339,ENSG00000100442,1177.45842163235
1340,ENSG00000100445,557.356856361051
1341,ENSG00000100461,606.039614640531
1342,ENSG00000100462,722.6032853594569
1343,ENSG00000100473,3319.84528010243
1344,ENSG00000100478,403.923229244238
1345,ENSG00000100479,401.15184471742896
1346,ENSG00000100483,94.218642718114
1347,ENSG00000100485,164.776554509929
1348,ENSG00000100504,1936.9404636734698
1349,ENSG00000100519,337.081381306788
1350,ENSG00000100522,497.872325417102
1351,ENSG00000100523,214.41831534788003
1352,ENSG00000100526,859.661396010387
1353,ENSG00000100528,840.6344405868989
1354,ENSG00000100554,184.88417753791802
1355,ENSG00000100564,1262.61926945078
1356,ENSG00000100567,333.343817507933
1357,ENSG00000100568,310.922319568731
1358,ENSG00000100575,870.479518461406
1359,ENSG00000100577,752.3941731033299
1360,ENSG00000100578,197.66878974348302
1361,ENSG00000100591,399.583475541744
1362,ENSG00000100592,154.327262738185
1363,ENSG00000100596,298.590294686319
1364,ENSG00000100600,296.536609124426
1365,ENSG00000100601,107.39246023263901
1366,ENSG00000100603,391.840383052769
1367,ENSG00000100605,407.235798996296
1368,ENSG00000100614,253.774417016677
1369,ENSG00000100632,340.187596222194
1370,ENSG00000100644,292.843341259335
1371,ENSG00000100647,330.132719714416
1372,ENSG00000100650,239.25087515021
1373,ENSG00000100664,101.39184010963801
1374,ENSG00000100697,482.035167044676
1375,ENSG00000100711,282.379702115304
1376,ENSG00000100714,820.7708018433299
1377,ENSG00000100722,209.69761136265
1378,ENSG00000100726,634.052095265535
1379,ENSG00000100749,593.61925217618
1380,ENSG00000100764,329.624355604857
1381,ENSG00000100784,89.2459859701347
1382,ENSG00000100796,130.684671676027
1383,ENSG00000100804,561.428615845339
1384,ENSG00000100811,296.272042717499
1385,ENSG00000100813,273.290049573045
1386,ENSG00000100814,1577.5307734404998
1387,ENSG00000100815,145.259762848701
1388,ENSG00000100823,687.3725517663969
1389,ENSG00000100836,349.310512592911
1390,ENSG00000100852,336.51750276005197
1391,ENSG00000100865,350.262128170252
1392,ENSG00000100867,659.57605278279
1393,ENSG00000100883,695.819554359764
1394,ENSG00000100888,190.775199953335
1395,ENSG00000100889,1994.03401833367
1396,ENSG00000100897,575.477512584581
1397,ENSG00000100902,443.809464066679
1398,ENSG00000100906,48.0056376364148
1399,ENSG00000100908,120.86641274378401
1400,ENSG00000100911,1372.6828666295
1401,ENSG00000100926,340.408034575558
1402,ENSG00000100934,618.087851406182
1403,ENSG00000100938,4569.91700805236
1404,ENSG00000100941,224.47459784288998
1405,ENSG00000100949,272.33547805867
1406,ENSG00000100979,1693.19487761936
1407,ENSG00000100982,390.826270299005
1408,ENSG00000100983,1335.91689854127
1409,ENSG00000100991,291.10307099163896
1410,ENSG00000100994,255.19586237332402
1411,ENSG00000100997,225.925545385267
1412,ENSG00000101000,1684.5832383044299
1413,ENSG00000101003,355.19133360779296
1414,ENSG00000101004,289.18902763349604
1415,ENSG00000101019,195.042611174438
1416,ENSG00000101040,251.221413150743
1417,ENSG00000101057,554.034672833305
1418,ENSG00000101079,1562.5707483555402
1419,ENSG00000101084,284.706584717284
1420,ENSG00000101096,247.90421104992902
1421,ENSG00000101104,238.21180503731497
1422,ENSG00000101109,424.060050909205
1423,ENSG00000101126,135.679472912451
1424,ENSG00000101138,142.598111020473
1425,ENSG00000101146,204.27763325912102
1426,ENSG00000101150,569.184243668142
1427,ENSG00000101152,157.075821388923
1428,ENSG00000101158,414.458149140355
1429,ENSG00000101160,1629.58848152129
1430,ENSG00000101161,353.819064278201
1431,ENSG00000101166,475.031088954823
1432,ENSG00000101181,243.767219611317
1433,ENSG00000101182,336.32032834965696
1434,ENSG00000101189,353.01221346698196
1435,ENSG00000101190,254.719138439907
1436,ENSG00000101191,83.4547408150933
1437,ENSG00000101193,342.77071735142897
1438,ENSG00000101199,862.237248783105
1439,ENSG00000101216,186.803229519355
1440,ENSG00000101224,483.0559787145901
1441,ENSG00000101230,150.502635942953
1442,ENSG00000101236,271.919138554875
1443,ENSG00000101246,635.447586871039
1444,ENSG00000101247,165.748941739929
1445,ENSG00000101255,287.43732566992696
1446,ENSG00000101265,106.02276186156901
1447,ENSG00000101266,375.18011297914705
1448,ENSG00000101290,716.7420227732381
1449,ENSG00000101294,465.00198397573405
1450,ENSG00000101306,43.2799819588764
1451,ENSG00000101310,511.684736556063
1452,ENSG00000101335,752.2846689795219
1453,ENSG00000101337,360.713774413137
1454,ENSG00000101343,180.204151749379
1455,ENSG00000101346,317.270628516672
1456,ENSG00000101350,219.876756552859
1457,ENSG00000101361,236.19381853491902
1458,ENSG00000101365,762.0355555243201
1459,ENSG00000101367,320.958600454375
1460,ENSG00000101391,241.231886681968
1461,ENSG00000101407,463.845448867044
1462,ENSG00000101412,133.985235796795
1463,ENSG00000101413,162.262176232691
1464,ENSG00000101421,431.835050355642
1465,ENSG00000101439,1615.7304610931799
1466,ENSG00000101442,306.44513863171
1467,ENSG00000101444,1663.97376362577
1468,ENSG00000101447,89.88722871301201
1469,ENSG00000101452,182.41095581492297
1470,ENSG00000101457,183.201716139658
1471,ENSG00000101464,1044.0897726681
1472,ENSG00000101473,427.53345228090797
1473,ENSG00000101474,726.9314672099831
1474,ENSG00000101544,153.118308876824
1475,ENSG00000101546,663.686130798636
1476,ENSG00000101557,505.80095981204005
1477,ENSG00000101558,391.70548921807296
1478,ENSG00000101574,267.33987656820597
1479,ENSG00000101577,119.16444981002199
1480,ENSG00000101596,226.938455766968
1481,ENSG00000101608,488.89892567827
1482,ENSG00000101624,88.32041157798331
1483,ENSG00000101639,255.31616921851398
1484,ENSG00000101654,218.249784322597
1485,ENSG00000101665,40.9543550170974
1486,ENSG00000101745,339.439709956996
1487,ENSG00000101752,561.2844773315541
1488,ENSG00000101773,324.867328043982
1489,ENSG00000101782,232.534232981352
1490,ENSG00000101811,225.61091889142799
1491,ENSG00000101843,777.8836924168629
1492,ENSG00000101844,506.14612308423403
1493,ENSG00000101849,280.258472764799
1494,ENSG00000101856,1651.8095273730898
1495,ENSG00000101868,226.63856499279203
1496,ENSG00000101871,88.79582411458901
1497,ENSG00000101882,587.034210983383
1498,ENSG00000101888,461.807336279681
1499,ENSG00000101892,321.429184662828
1500,ENSG00000101901,336.129625502871
1501,ENSG00000101928,752.291091364127
1502,ENSG00000101935,233.45054765903402
1503,ENSG00000101940,937.599604759846
1504,ENSG00000101945,133.608370038997
1505,ENSG00000101966,87.80782557768758
1506,ENSG00000101972,376.760282216331
1507,ENSG00000101974,347.45788305456495
1508,ENSG00000101986,158.484987217765
1509,ENSG00000101997,1135.3452513429402
1510,ENSG00000102030,714.936470244172
1511,ENSG00000102032,153.717450941509
1512,ENSG00000102034,127.19121261823
1513,ENSG00000102038,658.039828141448
1514,ENSG00000102054,751.426999397125
1515,ENSG00000102081,1308.07355558377
1516,ENSG00000102096,492.207005690299
1517,ENSG00000102098,1500.0146832087198
1518,ENSG00000102100,633.585576288248
1519,ENSG00000102103,528.543024327846
1520,ENSG00000102119,952.467965046848
1521,ENSG00000102125,1360.1899698771902
1522,ENSG00000102144,825.403197743587
1523,ENSG00000102145,373.543116897558
1524,ENSG00000102158,353.227631032153
1525,ENSG00000102172,2036.0170617154001
1526,ENSG00000102178,169.533869415589
1527,ENSG00000102181,610.606906984136
1528,ENSG00000102189,173.76348239679902
1529,ENSG00000102225,323.017142761758
1530,ENSG00000102226,279.669348569846
1531,ENSG00000102241,632.3183731579061
1532,ENSG00000102265,942.8433133802921
1533,ENSG00000102287,836.019460271286
1534,ENSG00000102309,274.449865194596
1535,ENSG00000102316,1440.2207686236902
1536,ENSG00000102317,268.542743054711
1537,ENSG00000102362,1129.08018988246
1538,ENSG00000102384,457.436594268445
1539,ENSG00000102390,155.456670222724
1540,ENSG00000102393,694.356653553743
1541,ENSG00000102401,620.057788297638
1542,ENSG00000102409,676.203292945916
1543,ENSG00000102471,683.367872383939
1544,ENSG00000102531,292.498137523723
1545,ENSG00000102543,288.85448430909696
1546,ENSG00000102572,402.617134345867
1547,ENSG00000102575,363.64062911664297
1548,ENSG00000102580,308.05246877145197
1549,ENSG00000102595,188.08651054473597
1550,ENSG00000102606,297.950233067233
1551,ENSG00000102699,294.149672274009
1552,ENSG00000102710,518.59424069536
1553,ENSG00000102738,461.246094717461
1554,ENSG00000102753,306.375752067743
1555,ENSG00000102763,153.047580211155
1556,ENSG00000102781,356.83018814771003
1557,ENSG00000102786,38.9261042986779
1558,ENSG00000102804,89.4743919160121
1559,ENSG00000102805,140.880865479461
1560,ENSG00000102858,356.38939813689797
1561,ENSG00000102878,6409.88052598522
1562,ENSG00000102890,31.7846161628233
1563,ENSG00000102893,287.699378572735
1564,ENSG00000102897,3399.6460595395197
1565,ENSG00000102898,523.104185185791
1566,ENSG00000102900,528.929866131351
1567,ENSG00000102901,338.453587193047
1568,ENSG00000102908,234.215809312132
1569,ENSG00000102910,326.147224556534
1570,ENSG00000102921,241.96997200610298
1571,ENSG00000102931,362.08818599371
1572,ENSG00000102974,132.897850959572
1573,ENSG00000102977,1949.3443188358701
1574,ENSG00000102978,256.76043366140703
1575,ENSG00000102984,95.3832718639967
1576,ENSG00000102996,310.982070755638
1577,ENSG00000103005,1412.6541699060501
1578,ENSG00000103018,1352.2095269399902
1579,ENSG00000103024,605.645526242209
1580,ENSG00000103035,312.79222571624
1581,ENSG00000103037,135.96550953495898
1582,ENSG00000103042,218.557854042701
1583,ENSG00000103043,117.84690523523001
1584,ENSG00000103051,775.334910422206
1585,ENSG00000103061,169.20904154267902
1586,ENSG00000103064,538.171173292885
1587,ENSG00000103066,345.93643065708
1588,ENSG00000103091,695.94793950606
1589,ENSG00000103111,277.44784912111
1590,ENSG00000103121,432.71498374217697
1591,ENSG00000103126,428.981263192072
1592,ENSG00000103145,1301.59000366736
1593,ENSG00000103148,1509.3165884251
1594,ENSG00000103150,279.087828045272
1595,ENSG00000103160,464.90536242897696
1596,ENSG00000103168,199.343070912546
1597,ENSG00000103194,299.100950276513
1598,ENSG00000103196,43.660891944540005
1599,ENSG00000103199,98.5700256098664
1600,ENSG00000103202,1920.8629022723499
1601,ENSG00000103222,319.419638491485
1602,ENSG00000103249,195.36830874348
1603,ENSG00000103253,4531.05211083899
1604,ENSG00000103254,2366.13433116874
1605,ENSG00000103257,418.49780222564794
1606,ENSG00000103264,240.951035502509
1607,ENSG00000103266,621.900206441253
1608,ENSG00000103274,234.439488330107
1609,ENSG00000103275,320.661610411338
1610,ENSG00000103319,294.506677764774
1611,ENSG00000103326,345.143184306416
1612,ENSG00000103335,637.775022574339
1613,ENSG00000103342,433.69311690068395
1614,ENSG00000103343,92.5749743605786
1615,ENSG00000103353,154.79640187778298
1616,ENSG00000103356,395.069678372956
1617,ENSG00000103363,485.344593729432
1618,ENSG00000103365,201.30846035365002
1619,ENSG00000103381,122.193369707726
1620,ENSG00000103415,413.017240844347
1621,ENSG00000103423,365.506570380549
1622,ENSG00000103426,407.351512039459
1623,ENSG00000103429,301.872731342596
1624,ENSG00000103479,498.26580338208396
1625,ENSG00000103485,2880.71809935914
1626,ENSG00000103495,473.392288140355
1627,ENSG00000103496,398.247738144896
1628,ENSG00000103502,894.4810844184599
1629,ENSG00000103507,628.9082670032341
1630,ENSG00000103510,573.9317715691369
1631,ENSG00000103512,553.7282301170391
1632,ENSG00000103540,992.8166070893719
1633,ENSG00000103544,555.88049963539
1634,ENSG00000103549,205.313392457117
1635,ENSG00000103550,266.806715495214
1636,ENSG00000103591,603.237106060235
1637,ENSG00000103642,339.17980695282796
1638,ENSG00000103653,426.48516016638604
1639,ENSG00000103657,208.926293887453
1640,ENSG00000103671,221.766076636743
1641,ENSG00000103769,618.999232552964
1642,ENSG00000103811,1811.71095810231
1643,ENSG00000103852,226.27027111884
1644,ENSG00000103855,611.82357250019
1645,ENSG00000103876,331.25099181893904
1646,ENSG00000103932,617.790153103129
1647,ENSG00000103966,382.27985365556395
1648,ENSG00000103978,117.716152894888
1649,ENSG00000103994,215.491456983219
1650,ENSG00000103995,228.65820350029801
1651,ENSG00000104047,1352.91668272011
1652,ENSG00000104064,240.706741226003
1653,ENSG00000104067,229.584620090208
1654,ENSG00000104081,109.986428269391
1655,ENSG00000104093,638.416206869799
1656,ENSG00000104131,464.02110412414703
1657,ENSG00000104133,632.0343581622401
1658,ENSG00000104142,94.587701295728
1659,ENSG00000104147,241.305806726729
1660,ENSG00000104164,229.138161448372
1661,ENSG00000104218,110.385790957726
1662,ENSG00000104221,39.140243967798796
1663,ENSG00000104228,136.902707825433
1664,ENSG00000104231,444.80701910035003
1665,ENSG00000104299,472.55963289795096
1666,ENSG00000104312,521.404198787809
1667,ENSG00000104320,442.10170693832396
1668,ENSG00000104325,4144.722290151551
1669,ENSG00000104331,233.275769039978
1670,ENSG00000104341,504.753620760476
1671,ENSG00000104343,187.80838570631
1672,ENSG00000104356,90.0257944850304
1673,ENSG00000104375,166.202207967237
1674,ENSG00000104388,136.15837460161998
1675,ENSG00000104408,1318.00495485699
1676,ENSG00000104412,515.364106818271
1677,ENSG00000104442,353.282905497519
1678,ENSG00000104447,82.4404683764799
1679,ENSG00000104472,394.67839957966004
1680,ENSG00000104517,210.062686114785
1681,ENSG00000104522,628.263609415379
1682,ENSG00000104529,684.75888210933
1683,ENSG00000104549,740.325417990862
1684,ENSG00000104613,713.649341518705
1685,ENSG00000104626,317.328982221061
1686,ENSG00000104635,581.21868435788
1687,ENSG00000104643,98.8801763740738
1688,ENSG00000104671,365.706535854756
1689,ENSG00000104679,587.20480334986
1690,ENSG00000104687,428.525432343149
1691,ENSG00000104689,512.177379473761
1692,ENSG00000104691,183.55532280676601
1693,ENSG00000104695,285.415447505981
1694,ENSG00000104714,133.395833804311
1695,ENSG00000104723,400.492013638789
1696,ENSG00000104728,362.398828763427
1697,ENSG00000104731,291.997807305397
1698,ENSG00000104738,489.09810037023595
1699,ENSG00000104756,247.50334605082298
1700,ENSG00000104763,409.762849855887
1701,ENSG00000104765,585.26071995711
1702,ENSG00000104774,1584.4541623059802
1703,ENSG00000104783,162.94453078172398
1704,ENSG00000104805,2197.24744790283
1705,ENSG00000104823,1134.51092824765
1706,ENSG00000104824,379.25719466062105
1707,ENSG00000104825,543.148616097827
1708,ENSG00000104835,496.847171066743
1709,ENSG00000104852,283.775045769846
1710,ENSG00000104853,277.48098093253
1711,ENSG00000104856,97.8701678604689
1712,ENSG00000104859,135.00143062804
1713,ENSG00000104866,116.123049152454
1714,ENSG00000104872,462.643268072172
1715,ENSG00000104880,153.012666312317
1716,ENSG00000104881,222.157975809518
1717,ENSG00000104884,1423.7046398519599
1718,ENSG00000104885,245.88386410516702
1719,ENSG00000104886,687.5398620498129
1720,ENSG00000104889,1422.7292394074402
1721,ENSG00000104897,477.4329811922099
1722,ENSG00000104899,352.68824263701896
1723,ENSG00000104903,282.328376241344
1724,ENSG00000104904,562.065927595374
1725,ENSG00000104907,555.293809510538
1726,ENSG00000104915,539.8379441781581
1727,ENSG00000104946,184.806152394312
1728,ENSG00000104957,160.793473055629
1729,ENSG00000104960,818.972017663857
1730,ENSG00000104964,1073.182983832
1731,ENSG00000104969,322.547294590372
1732,ENSG00000104973,918.133184407072
1733,ENSG00000104976,221.128250522807
1734,ENSG00000104979,377.37774867879995
1735,ENSG00000104980,336.70116566474303
1736,ENSG00000104998,363.429312277502
1737,ENSG00000105011,235.70033663153598
1738,ENSG00000105048,2437.0743033777103
1739,ENSG00000105053,185.369178366712
1740,ENSG00000105058,179.32227021458002
1741,ENSG00000105063,359.613140657338
1742,ENSG00000105085,70.96547950640179
1743,ENSG00000105127,117.326875574634
1744,ENSG00000105131,19.2681160449275
1745,ENSG00000105135,453.125544424601
1746,ENSG00000105171,264.359093435167
1747,ENSG00000105173,154.991219699875
1748,ENSG00000105176,772.6450399570081
1749,ENSG00000105185,788.5543520268401
1750,ENSG00000105186,381.152368795578
1751,ENSG00000105193,584.314474839427
1752,ENSG00000105197,495.901987489703
1753,ENSG00000105202,1286.6258690943598
1754,ENSG00000105204,119.25960940379998
1755,ENSG00000105220,1667.4122530520099
1756,ENSG00000105221,656.627729944978
1757,ENSG00000105223,1802.7755927201802
1758,ENSG00000105229,225.582980922332
1759,ENSG00000105248,91.7876108758535
1760,ENSG00000105254,427.966976165318
1761,ENSG00000105258,663.675012861874
1762,ENSG00000105281,354.869939876416
1763,ENSG00000105287,1608.6679454218802
1764,ENSG00000105298,251.34826109459
1765,ENSG00000105321,250.06136046653
1766,ENSG00000105323,308.023107718329
1767,ENSG00000105325,243.22904597612498
1768,ENSG00000105327,168.238935262734
1769,ENSG00000105329,511.048102196542
1770,ENSG00000105341,611.614271692453
1771,ENSG00000105364,934.864024630013
1772,ENSG00000105371,1480.9679746090699
1773,ENSG00000105372,849.0678333535769
1774,ENSG00000105373,641.6636846541539
1775,ENSG00000105379,1041.25451421284
1776,ENSG00000105383,1850.8528867519
1777,ENSG00000105393,765.217858325262
1778,ENSG00000105397,1032.10491761343
1779,ENSG00000105401,646.788597977343
1780,ENSG00000105402,228.735114853778
1781,ENSG00000105404,322.972245615415
1782,ENSG00000105419,704.1054917312159
1783,ENSG00000105426,857.936701424962
1784,ENSG00000105438,1309.61039992127
1785,ENSG00000105443,125.65512151650299
1786,ENSG00000105447,165.82552658572598
1787,ENSG00000105464,449.832497228021
1788,ENSG00000105483,497.808760910328
1789,ENSG00000105486,286.013749094111
1790,ENSG00000105492,602.513530310054
1791,ENSG00000105497,133.543361644835
1792,ENSG00000105518,5131.24606648871
1793,ENSG00000105568,535.50062745878
1794,ENSG00000105576,264.26750962266004
1795,ENSG00000105583,410.219853226268
1796,ENSG00000105610,165.392876695258
1797,ENSG00000105612,277.564649044413
1798,ENSG00000105617,99.83879306467871
1799,ENSG00000105618,357.905100697309
1800,ENSG00000105619,324.497775956988
1801,ENSG00000105640,966.131177383664
1802,ENSG00000105643,122.024736323941
1803,ENSG00000105647,270.639300101255
1804,ENSG00000105655,1101.66968081304
1805,ENSG00000105656,140.071014980793
1806,ENSG00000105662,220.049876940923
1807,ENSG00000105669,802.581160397885
1808,ENSG00000105671,364.06585795434404
1809,ENSG00000105676,326.188399593966
1810,ENSG00000105677,3277.94922241513
1811,ENSG00000105695,59.2201012070879
1812,ENSG00000105697,78.5693012262984
1813,ENSG00000105698,531.438611944845
1814,ENSG00000105699,824.755673631421
1815,ENSG00000105700,555.1415821701551
1816,ENSG00000105701,891.4255110392149
1817,ENSG00000105705,120.748052504727
1818,ENSG00000105708,84.8361143012355
1819,ENSG00000105722,210.601628571033
1820,ENSG00000105723,404.29723474717105
1821,ENSG00000105726,233.166216233216
1822,ENSG00000105738,178.976146118895
1823,ENSG00000105771,151.907983694194
1824,ENSG00000105778,230.417009533728
1825,ENSG00000105793,245.961376042689
1826,ENSG00000105810,325.70202920642004
1827,ENSG00000105819,479.835203687435
1828,ENSG00000105821,285.71946032852003
1829,ENSG00000105829,496.32113827503196
1830,ENSG00000105835,669.584014636351
1831,ENSG00000105849,337.208568391874
1832,ENSG00000105851,807.7449645262351
1833,ENSG00000105856,94.69234671011249
1834,ENSG00000105865,654.668663802855
1835,ENSG00000105866,98.20951132774651
1836,ENSG00000105879,139.593089240254
1837,ENSG00000105887,631.0383973689479
1838,ENSG00000105889,369.82679395160005
1839,ENSG00000105926,1311.92487020003
1840,ENSG00000105939,126.524680365389
1841,ENSG00000105948,143.980029606257
1842,ENSG00000105953,314.722919832188
1843,ENSG00000105968,690.810894792306
1844,ENSG00000105971,846.1252489810671
1845,ENSG00000105982,93.92461295693441
1846,ENSG00000105991,337.36033989294
1847,ENSG00000105993,164.403991380794
1848,ENSG00000106009,349.72982277835604
1849,ENSG00000106012,292.913823164754
1850,ENSG00000106028,544.143623979068
1851,ENSG00000106034,564.19617092723
1852,ENSG00000106049,907.829052528069
1853,ENSG00000106052,568.011420499956
1854,ENSG00000106077,922.5960946992191
1855,ENSG00000106078,172.49518854922403
1856,ENSG00000106080,509.983969847793
1857,ENSG00000106086,2416.35704446627
1858,ENSG00000106105,670.527988594422
1859,ENSG00000106125,267.645571733984
1860,ENSG00000106133,320.86613142051004
1861,ENSG00000106144,179.67324988522
1862,ENSG00000106153,688.4601465555901
1863,ENSG00000106211,793.70122829695
1864,ENSG00000106244,568.854758580648
1865,ENSG00000106245,188.88619486052798
1866,ENSG00000106246,97.3412184448982
1867,ENSG00000106258,210.33295100785702
1868,ENSG00000106261,175.89088291137298
1869,ENSG00000106263,314.24279347082
1870,ENSG00000106266,379.17037478111297
1871,ENSG00000106268,925.412850399196
1872,ENSG00000106290,1296.9953062618
1873,ENSG00000106299,122.41354612739599
1874,ENSG00000106305,362.181760926051
1875,ENSG00000106327,1943.73643451474
1876,ENSG00000106330,1387.2421809332097
1877,ENSG00000106344,294.291222042869
1878,ENSG00000106346,133.62639527525602
1879,ENSG00000106348,711.6130000154719
1880,ENSG00000106351,187.883188244145
1881,ENSG00000106355,460.43632494302904
1882,ENSG00000106366,51.5940091714536
1883,ENSG00000106367,1587.65029028547
1884,ENSG00000106392,624.122086552522
1885,ENSG00000106397,563.2363711530011
1886,ENSG00000106399,766.2528700011459
1887,ENSG00000106400,1210.45036113809
1888,ENSG00000106404,526.379534834511
1889,ENSG00000106415,122.20076965656601
1890,ENSG00000106443,216.03588818267502
1891,ENSG00000106459,422.673704238487
1892,ENSG00000106460,1575.0927082282199
1893,ENSG00000106462,259.427052916538
1894,ENSG00000106524,448.489031409022
1895,ENSG00000106526,272.002462861145
1896,ENSG00000106536,127.580733382355
1897,ENSG00000106537,604.8369286803501
1898,ENSG00000106546,411.76166901117205
1899,ENSG00000106554,507.89522359739505
1900,ENSG00000106588,696.433626493266
1901,ENSG00000106591,391.04141576100096
1902,ENSG00000106603,857.8707664648
1903,ENSG00000106605,1906.9191853384198
1904,ENSG00000106608,242.760730321385
1905,ENSG00000106609,261.164557198698
1906,ENSG00000106610,143.56542757226802
1907,ENSG00000106615,286.747077310444
1908,ENSG00000106628,2429.41195006602
1909,ENSG00000106635,109.423796128121
1910,ENSG00000106636,480.05907338557097
1911,ENSG00000106638,262.886933424056
1912,ENSG00000106682,412.15595081367303
1913,ENSG00000106701,253.249184879291
1914,ENSG00000106723,269.176848045676
1915,ENSG00000106771,184.22146803957
1916,ENSG00000106789,828.548187024091
1917,ENSG00000106799,528.721650914767
1918,ENSG00000106803,395.266971485048
1919,ENSG00000106829,112.402561015494
1920,ENSG00000106852,217.86038672287103
1921,ENSG00000106868,294.292772573088
1922,ENSG00000106948,465.941503778013
1923,ENSG00000106976,325.275766887354
1924,ENSG00000106992,984.739466625157
1925,ENSG00000106993,126.64256814971901
1926,ENSG00000107021,169.705142873651
1927,ENSG00000107036,178.27986978539397
1928,ENSG00000107077,95.1435964698901
1929,ENSG00000107099,220.912184982657
1930,ENSG00000107140,109.93623271715299
1931,ENSG00000107164,276.004213300942
1932,ENSG00000107175,196.51933917748198
1933,ENSG00000107185,281.397259605142
1934,ENSG00000107186,241.177918403357
1935,ENSG00000107223,412.433572439222
1936,ENSG00000107242,144.915457666451
1937,ENSG00000107262,193.420991174399
1938,ENSG00000107263,343.054642392188
1939,ENSG00000107290,175.336326302404
1940,ENSG00000107338,65.9482013908861
1941,ENSG00000107341,306.00208305898997
1942,ENSG00000107362,107.220525455146
1943,ENSG00000107371,112.573825581889
1944,ENSG00000107372,172.955372237627
1945,ENSG00000107404,803.3335344223401
1946,ENSG00000107438,647.3559185851809
1947,ENSG00000107443,196.690586689589
1948,ENSG00000107521,159.24321761544
1949,ENSG00000107554,124.004255683347
1950,ENSG00000107560,232.28236234352002
1951,ENSG00000107566,281.76904576001
1952,ENSG00000107581,289.635717505489
1953,ENSG00000107614,344.677688224239
1954,ENSG00000107625,513.1475162277179
1955,ENSG00000107643,442.184897376249
1956,ENSG00000107651,157.294712642493
1957,ENSG00000107672,581.5921100413391
1958,ENSG00000107731,375.124544164681
1959,ENSG00000107745,416.158802296155
1960,ENSG00000107758,680.007796654172
1961,ENSG00000107771,98.7328475465205
1962,ENSG00000107779,115.37871003693199
1963,ENSG00000107789,414.110437221529
1964,ENSG00000107816,640.135853372268
1965,ENSG00000107821,204.91253117114601
1966,ENSG00000107833,2516.1021977308396
1967,ENSG00000107854,234.63871318062698
1968,ENSG00000107862,276.135025168542
1969,ENSG00000107863,407.77857952453104
1970,ENSG00000107872,744.1782363316189
1971,ENSG00000107882,198.24337786562
1972,ENSG00000107890,373.85488765285004
1973,ENSG00000107897,211.78404884521302
1974,ENSG00000107929,436.160815606682
1975,ENSG00000107937,263.061013919415
1976,ENSG00000107938,120.62670772478901
1977,ENSG00000107949,429.19622178142
1978,ENSG00000107951,202.82768147991902
1979,ENSG00000107959,676.627804594786
1980,ENSG00000107960,1305.88914930536
1981,ENSG00000107968,54.3645816019779
1982,ENSG00000108010,647.068671431039
1983,ENSG00000108018,279.675129152967
1984,ENSG00000108021,285.823343670349
1985,ENSG00000108039,1383.3824732404598
1986,ENSG00000108055,354.90583812321404
1987,ENSG00000108061,212.912827475844
1988,ENSG00000108064,267.842806981526
1989,ENSG00000108091,353.241553167978
1990,ENSG00000108094,265.55077222805
1991,ENSG00000108100,238.36784740905603
1992,ENSG00000108106,296.631203673722
1993,ENSG00000108107,608.641882132934
1994,ENSG00000108175,255.650851116114
1995,ENSG00000108179,327.721021761907
1996,ENSG00000108187,92.75138282630209
1997,ENSG00000108219,943.080050260194
1998,ENSG00000108256,153.865885500227
1999,ENSG00000108262,607.553623574085
2000,ENSG00000108298,793.435624328199
2001,ENSG00000108306,177.04268412515302
2002,ENSG00000108312,165.331175016391
2003,ENSG00000108344,419.965993320533
2004,ENSG00000108349,277.254845864966
2005,ENSG00000108379,78.0961303743547
2006,ENSG00000108384,201.887849146775
2007,ENSG00000108389,412.043574732109
2008,ENSG00000108395,201.132130034288
2009,ENSG00000108406,262.000384845626
2010,ENSG00000108423,91.7682348278199
2011,ENSG00000108424,462.34780614609497
2012,ENSG00000108433,98.36226585985581
2013,ENSG00000108439,820.665773414032
2014,ENSG00000108443,162.261926653661
2015,ENSG00000108465,502.154595134042
2016,ENSG00000108468,757.2351064412691
2017,ENSG00000108469,140.462577940489
2018,ENSG00000108479,7718.844083361159
2019,ENSG00000108506,272.910799929139
2020,ENSG00000108509,445.72805052861605
2021,ENSG00000108510,154.578365639707
2022,ENSG00000108518,634.298022674654
2023,ENSG00000108523,446.61214466658697
2024,ENSG00000108528,545.069065033012
2025,ENSG00000108557,236.419009561394
2026,ENSG00000108559,131.044570477651
2027,ENSG00000108561,650.368808776387
2028,ENSG00000108578,683.924451638126
2029,ENSG00000108582,253.928855050027
2030,ENSG00000108587,122.85886937617902
2031,ENSG00000108588,357.650730742944
2032,ENSG00000108590,51.2139207696417
2033,ENSG00000108591,529.34106687376
2034,ENSG00000108592,229.634869081176
2035,ENSG00000108599,135.214282781746
2036,ENSG00000108604,341.060831915873
2037,ENSG00000108622,300.36013462456697
2038,ENSG00000108639,1261.17954034319
2039,ENSG00000108651,339.000523302062
2040,ENSG00000108654,208.728288729786
2041,ENSG00000108669,138.935779637584
2042,ENSG00000108671,346.625651674863
2043,ENSG00000108679,1110.8972352155301
2044,ENSG00000108733,64.4362937629148
2045,ENSG00000108773,673.84608552238
2046,ENSG00000108774,348.945853751436
2047,ENSG00000108784,376.016129299521
2048,ENSG00000108788,320.24040881107703
2049,ENSG00000108799,312.346360813008
2050,ENSG00000108819,278.077385095773
2051,ENSG00000108825,376.726389415279
2052,ENSG00000108826,227.05139298504102
2053,ENSG00000108828,341.293765285481
2054,ENSG00000108829,290.238124659994
2055,ENSG00000108840,268.909869922546
2056,ENSG00000108848,199.549344504871
2057,ENSG00000108854,130.842298585682
2058,ENSG00000108861,181.248796620704
2059,ENSG00000108883,247.963560238293
2060,ENSG00000108946,550.443974048415
2061,ENSG00000108953,463.740687356846
2062,ENSG00000108961,2989.44789822037
2063,ENSG00000108963,401.613509822619
2064,ENSG00000109016,608.059489868567
2065,ENSG00000109046,326.915164372738
2066,ENSG00000109062,595.101250004467
2067,ENSG00000109065,400.31801903354403
2068,ENSG00000109066,183.648839243483
2069,ENSG00000109079,293.679269819054
2070,ENSG00000109083,400.746801293967
2071,ENSG00000109084,773.346251986532
2072,ENSG00000109103,1838.39054599946
2073,ENSG00000109107,986.9987268266499
2074,ENSG00000109111,188.08946534977403
2075,ENSG00000109118,105.709521045481
2076,ENSG00000109133,643.947050275839
2077,ENSG00000109171,311.62634574602004
2078,ENSG00000109180,765.020235347946
2079,ENSG00000109184,313.454315531446
2080,ENSG00000109220,139.845196034238
2081,ENSG00000109255,2645.18907306642
2082,ENSG00000109270,192.620181268604
2083,ENSG00000109320,164.01284921578198
2084,ENSG00000109323,476.748181804049
2085,ENSG00000109332,430.27293146257006
2086,ENSG00000109381,115.80478848801799
2087,ENSG00000109390,567.618731608684
2088,ENSG00000109445,595.331763322444
2089,ENSG00000109458,139.918389256701
2090,ENSG00000109466,228.085830768662
2091,ENSG00000109475,581.109766534738
2092,ENSG00000109519,181.407794082328
2093,ENSG00000109534,328.00162157638
2094,ENSG00000109536,276.53363739942904
2095,ENSG00000109572,299.619560945154
2096,ENSG00000109586,545.397880726872
2097,ENSG00000109606,265.73640535184603
2098,ENSG00000109618,367.04213453952303
2099,ENSG00000109654,223.779299047584
2100,ENSG00000109670,270.754129660762
2101,ENSG00000109674,263.723829278202
2102,ENSG00000109680,252.932494292748
2103,ENSG00000109685,201.241171230806
2104,ENSG00000109689,102.99755228750901
2105,ENSG00000109736,485.94192166467496
2106,ENSG00000109756,296.827753279154
2107,ENSG00000109762,255.13420438877898
2108,ENSG00000109775,1360.28828514419
2109,ENSG00000109787,92.54797720192092
2110,ENSG00000109790,714.991013337847
2111,ENSG00000109805,311.683898703625
2112,ENSG00000109814,608.69094990341
2113,ENSG00000109854,1046.07176457357
2114,ENSG00000109861,2284.73052600215
2115,ENSG00000109881,433.553513392308
2116,ENSG00000109911,382.8467926525
2117,ENSG00000109917,338.072106348354
2118,ENSG00000109919,792.641659924475
2119,ENSG00000109920,136.636573973568
2120,ENSG00000109929,1058.56027499322
2121,ENSG00000109971,314.24256008662104
2122,ENSG00000110002,411.229618463564
2123,ENSG00000110011,1547.59894730456
2124,ENSG00000110025,659.608930324963
2125,ENSG00000110046,212.512288418203
2126,ENSG00000110047,134.149857076981
2127,ENSG00000110048,183.93780801944402
2128,ENSG00000110060,219.71991848653
2129,ENSG00000110063,563.079012045538
2130,ENSG00000110066,194.412664989172
2131,ENSG00000110074,703.62559153557
2132,ENSG00000110075,229.685720110215
2133,ENSG00000110080,758.7699838464099
2134,ENSG00000110104,384.214671255392
2135,ENSG00000110107,399.247088012137
2136,ENSG00000110108,409.810650681311
2137,ENSG00000110171,186.82867446422
2138,ENSG00000110172,419.484900410463
2139,ENSG00000110200,114.291869999312
2140,ENSG00000110218,112.934756109985
2141,ENSG00000110274,252.155546635647
2142,ENSG00000110315,1271.9925352484402
2143,ENSG00000110321,307.423760955144
2144,ENSG00000110324,505.753917618743
2145,ENSG00000110330,301.978213919784
2146,ENSG00000110344,316.071582368556
2147,ENSG00000110367,211.92681601293498
2148,ENSG00000110395,246.418264164519
2149,ENSG00000110422,123.353167576343
2150,ENSG00000110429,882.696327842368
2151,ENSG00000110435,426.372732660435
2152,ENSG00000110442,409.195177377408
2153,ENSG00000110497,129.374643377961
2154,ENSG00000110514,167.159576275056
2155,ENSG00000110536,604.802342117404
2156,ENSG00000110583,695.041979885634
2157,ENSG00000110619,378.97183339212404
2158,ENSG00000110651,704.6944051775799
2159,ENSG00000110665,380.791254538707
2160,ENSG00000110696,399.82407049014506
2161,ENSG00000110697,1044.16541680136
2162,ENSG00000110700,794.5205788380231
2163,ENSG00000110711,671.422252318882
2164,ENSG00000110713,221.803606142939
2165,ENSG00000110717,1756.7876115711401
2166,ENSG00000110719,1660.48358144755
2167,ENSG00000110721,155.037099688867
2168,ENSG00000110756,172.737176380774
2169,ENSG00000110768,150.12783503882602
2170,ENSG00000110801,370.373168261055
2171,ENSG00000110841,371.30391302794294
2172,ENSG00000110848,51.621117889185804
2173,ENSG00000110851,145.248395468435
2174,ENSG00000110852,449.792407326721
2175,ENSG00000110880,463.682312455832
2176,ENSG00000110888,472.75674766195505
2177,ENSG00000110906,169.523440542847
2178,ENSG00000110917,646.883371013687
2179,ENSG00000110921,350.588316358385
2180,ENSG00000110925,204.502507728246
2181,ENSG00000110931,493.92806909583396
2182,ENSG00000110955,761.144244544332
2183,ENSG00000110958,603.749335283916
2184,ENSG00000110975,456.31015740642897
2185,ENSG00000111011,95.7358612122439
2186,ENSG00000111012,85.6066702210644
2187,ENSG00000111057,375.26127219278504
2188,ENSG00000111110,166.175262992059
2189,ENSG00000111142,344.587777499745
2190,ENSG00000111196,408.43377439992895
2191,ENSG00000111203,169.01860446844998
2192,ENSG00000111206,264.126228435239
2193,ENSG00000111215,36.7913053292461
2194,ENSG00000111229,715.0561687103481
2195,ENSG00000111231,487.370924310023
2196,ENSG00000111237,2483.90952936863
2197,ENSG00000111247,389.995250633595
2198,ENSG00000111252,223.150154078857
2199,ENSG00000111269,153.0636786406
2200,ENSG00000111271,279.197184193685
2201,ENSG00000111276,74.34486240207531
2202,ENSG00000111300,297.59000577704103
2203,ENSG00000111321,666.39693031679
2204,ENSG00000111325,389.730186181459
2205,ENSG00000111328,398.54470866608705
2206,ENSG00000111339,41.8408256887274
2207,ENSG00000111358,501.94377509123
2208,ENSG00000111361,502.381248959878
2209,ENSG00000111364,218.24529255988898
2210,ENSG00000111371,513.015703947299
2211,ENSG00000111412,255.364565991876
2212,ENSG00000111445,328.96131482834596
2213,ENSG00000111450,753.35725408117
2214,ENSG00000111452,95.6960606757988
2215,ENSG00000111481,1857.24516556315
2216,ENSG00000111530,379.860633152461
2217,ENSG00000111540,586.9940542247081
2218,ENSG00000111581,310.700624930833
2219,ENSG00000111596,180.873638179356
2220,ENSG00000111602,647.275760972567
2221,ENSG00000111605,560.703826472321
2222,ENSG00000111615,281.103478996782
2223,ENSG00000111639,315.555506007203
2224,ENSG00000111640,980.6771484260429
2225,ENSG00000111641,285.609274164515
2226,ENSG00000111642,312.50778898951
2227,ENSG00000111644,61.539282901437204
2228,ENSG00000111647,486.697100033236
2229,ENSG00000111652,1114.42048198021
2230,ENSG00000111653,193.467183036965
2231,ENSG00000111665,291.979687339513
2232,ENSG00000111666,703.644248922816
2233,ENSG00000111667,291.727109785361
2234,ENSG00000111669,845.5781973307111
2235,ENSG00000111670,358.273282098924
2236,ENSG00000111674,662.247758201447
2237,ENSG00000111676,655.479011353082
2238,ENSG00000111678,820.3076823112131
2239,ENSG00000111684,784.16511101526
2240,ENSG00000111696,219.42493555416002
2241,ENSG00000111707,380.84084216150706
2242,ENSG00000111711,521.038059244083
2243,ENSG00000111716,1967.83310536935
2244,ENSG00000111725,206.3269802721
2245,ENSG00000111726,1817.0835668041898
2246,ENSG00000111727,160.597760515598
2247,ENSG00000111731,319.63400561800097
2248,ENSG00000111737,195.40082217474801
2249,ENSG00000111775,487.82991866126605
2250,ENSG00000111780,398.30749797535003
2251,ENSG00000111785,76.1393919240824
2252,ENSG00000111786,459.651087448383
2253,ENSG00000111788,605.553326479294
2254,ENSG00000111790,279.057130159642
2255,ENSG00000111801,1074.8690041274401
2256,ENSG00000111802,424.02517166544897
2257,ENSG00000111832,362.47833809752296
2258,ENSG00000111843,1522.07079348422
2259,ENSG00000111845,366.761303262835
2260,ENSG00000111846,88.25860987967421
2261,ENSG00000111860,145.95220622791402
2262,ENSG00000111875,266.443591176631
2263,ENSG00000111877,52.4642369528909
2264,ENSG00000111879,320.540947319409
2265,ENSG00000111880,182.105812065321
2266,ENSG00000111885,464.41212320482805
2267,ENSG00000111897,367.81783045908696
2268,ENSG00000111906,1033.8606150880498
2269,ENSG00000111907,1968.8168564731197
2270,ENSG00000111911,357.828261523561
2271,ENSG00000111912,294.086377866013
2272,ENSG00000112029,61.3940808571301
2273,ENSG00000112031,138.799091865844
2274,ENSG00000112033,223.278018136694
2275,ENSG00000112039,390.84799059535203
2276,ENSG00000112062,254.57712399991001
2277,ENSG00000112077,1177.8971186039
2278,ENSG00000112078,493.629949419218
2279,ENSG00000112079,450.790082513579
2280,ENSG00000112081,198.696118314469
2281,ENSG00000112096,478.26209016311503
2282,ENSG00000112110,359.59796760523903
2283,ENSG00000112118,274.093550794378
2284,ENSG00000112130,658.7150292802111
2285,ENSG00000112137,62.6530454432256
2286,ENSG00000112144,326.990714476032
2287,ENSG00000112159,214.611228182685
2288,ENSG00000112182,89.86823395844792
2289,ENSG00000112200,165.34906638688
2290,ENSG00000112208,425.95962532112503
2291,ENSG00000112210,258.423692316567
2292,ENSG00000112234,874.8795049886251
2293,ENSG00000112237,712.7211772716589
2294,ENSG00000112242,170.96164105215098
2295,ENSG00000112245,552.557524405265
2296,ENSG00000112249,242.89239959244
2297,ENSG00000112282,289.139008029312
2298,ENSG00000112290,617.049509785671
2299,ENSG00000112297,78.8312367986709
2300,ENSG00000112305,355.955273181285
2301,ENSG00000112306,562.239360696779
2302,ENSG00000112308,141.92653484681802
2303,ENSG00000112312,221.44708766903
2304,ENSG00000112335,727.1236745105671
2305,ENSG00000112339,475.714241052012
2306,ENSG00000112343,375.49867246599996
2307,ENSG00000112365,148.951126763631
2308,ENSG00000112367,2872.51688145526
2309,ENSG00000112406,329.004807068112
2310,ENSG00000112414,1001.7538489391001
2311,ENSG00000112419,180.35694310358897
2312,ENSG00000112425,117.112572003309
2313,ENSG00000112473,337.11699926197
2314,ENSG00000112511,272.269725277597
2315,ENSG00000112514,504.49635108140296
2316,ENSG00000112531,331.84391019736
2317,ENSG00000112561,130.50567666031
2318,ENSG00000112576,862.270139519236
2319,ENSG00000112578,73.6457709644171
2320,ENSG00000112584,272.938055579813
2321,ENSG00000112592,168.325334146839
2322,ENSG00000112624,154.778352347344
2323,ENSG00000112640,780.7532826759129
2324,ENSG00000112651,580.805735808082
2325,ENSG00000112658,314.344140533566
2326,ENSG00000112659,890.9507783493469
2327,ENSG00000112667,1749.7043382615198
2328,ENSG00000112679,380.60222800524696
2329,ENSG00000112685,303.860040335302
2330,ENSG00000112695,316.133467608149
2331,ENSG00000112697,891.260469618206
2332,ENSG00000112699,389.958765056487
2333,ENSG00000112701,320.96103075925
2334,ENSG00000112715,199.055378917202
2335,ENSG00000112739,215.910774301492
2336,ENSG00000112742,261.02831386929796
2337,ENSG00000112759,762.5782564527949
2338,ENSG00000112763,315.267828899535
2339,ENSG00000112787,968.531774604592
2340,ENSG00000112812,2327.2541722688197
2341,ENSG00000112837,205.354695441753
2342,ENSG00000112851,316.551445725274
2343,ENSG00000112855,188.328519097608
2344,ENSG00000112874,528.058168875328
2345,ENSG00000112877,172.782317820624
2346,ENSG00000112893,254.164639585555
2347,ENSG00000112941,136.010569459166
2348,ENSG00000112972,1001.71004844496
2349,ENSG00000112977,435.404789991511
2350,ENSG00000112983,103.856111877499
2351,ENSG00000112984,150.962801077834
2352,ENSG00000112992,994.6729328404821
2353,ENSG00000112996,314.733821281628
2354,ENSG00000113013,411.84674791821294
2355,ENSG00000113048,630.215314720338
2356,ENSG00000113068,248.62875329079603
2357,ENSG00000113108,400.944154636112
2358,ENSG00000113119,689.340833609155
2359,ENSG00000113140,1828.8114396887802
2360,ENSG00000113141,451.270748257072
2361,ENSG00000113161,488.536767015314
2362,ENSG00000113163,251.03644866988
2363,ENSG00000113194,153.559201101382
2364,ENSG00000113240,115.63293925374501
2365,ENSG00000113269,505.98496195080804
2366,ENSG00000113272,238.31730319795798
2367,ENSG00000113282,408.24904160727203
2368,ENSG00000113300,106.932854556109
2369,ENSG00000113312,309.632027286314
2370,ENSG00000113318,252.724550393767
2371,ENSG00000113327,116.960344838223
2372,ENSG00000113328,766.112221245436
2373,ENSG00000113356,303.728783983464
2374,ENSG00000113360,193.361585648736
2375,ENSG00000113368,373.482157181148
2376,ENSG00000113369,129.488990565757
2377,ENSG00000113384,267.86027846064496
2378,ENSG00000113387,451.714733599953
2379,ENSG00000113391,191.004696918946
2380,ENSG00000113407,600.097728605635
2381,ENSG00000113441,867.432634900746
2382,ENSG00000113456,227.184693880613
2383,ENSG00000113460,312.592298044314
2384,ENSG00000113504,444.467140470573
2385,ENSG00000113522,491.811327922975
2386,ENSG00000113552,343.229988490811
2387,ENSG00000113558,678.781755022311
2388,ENSG00000113569,347.407737418585
2389,ENSG00000113575,246.470512605112
2390,ENSG00000113580,115.08765945532
2391,ENSG00000113583,918.5139048613499
2392,ENSG00000113593,528.128770151493
2393,ENSG00000113594,343.80871817091
2394,ENSG00000113595,110.515326676283
2395,ENSG00000113597,876.354982191707
2396,ENSG00000113615,153.665296125896
2397,ENSG00000113638,347.66297913766294
2398,ENSG00000113643,739.9394035764391
2399,ENSG00000113648,469.96437011255995
2400,ENSG00000113649,286.702598840542
2401,ENSG00000113658,300.654147857373
2402,ENSG00000113712,493.95869584380205
2403,ENSG00000113716,179.819543349063
2404,ENSG00000113719,1151.6202306790801
2405,ENSG00000113732,113.274586811912
2406,ENSG00000113734,187.497219783599
2407,ENSG00000113742,139.153931257274
2408,ENSG00000113758,685.663054351502
2409,ENSG00000113761,634.448987383322
2410,ENSG00000113810,309.296856741967
2411,ENSG00000113811,285.196502928585
2412,ENSG00000113812,180.410188305134
2413,ENSG00000113838,452.031998609011
2414,ENSG00000113845,1054.3295057092998
2415,ENSG00000113851,96.3169273524436
2416,ENSG00000113916,111.71201450605
2417,ENSG00000114021,902.044810380558
2418,ENSG00000114023,1746.2448659585098
2419,ENSG00000114030,192.72879569265498
2420,ENSG00000114054,487.515435463895
2421,ENSG00000114062,229.88194966890597
2422,ENSG00000114098,151.99795328066799
2423,ENSG00000114107,1133.49216177307
2424,ENSG00000114120,723.8516555569389
2425,ENSG00000114125,583.53833577817
2426,ENSG00000114126,640.353496848771
2427,ENSG00000114127,191.311735068508
2428,ENSG00000114166,253.200534011511
2429,ENSG00000114209,409.20314496032404
2430,ENSG00000114268,167.52920606713002
2431,ENSG00000114270,115.878809998799
2432,ENSG00000114302,373.29456863502503
2433,ENSG00000114315,51.8543609227209
2434,ENSG00000114316,253.230616879714
2435,ENSG00000114331,374.88392877727404
2436,ENSG00000114346,215.166321685536
2437,ENSG00000114353,711.622673276745
2438,ENSG00000114354,666.615325701119
2439,ENSG00000114383,343.717095669288
2440,ENSG00000114388,728.5082212073489
2441,ENSG00000114391,623.626966130366
2442,ENSG00000114416,496.52268103605303
2443,ENSG00000114423,215.40869597122298
2444,ENSG00000114439,217.16383794018998
2445,ENSG00000114480,227.883509023645
2446,ENSG00000114503,629.644134372048
2447,ENSG00000114520,283.900904401202
2448,ENSG00000114541,229.839219811867
2449,ENSG00000114554,682.8289489982039
2450,ENSG00000114573,753.3146413858141
2451,ENSG00000114631,1634.72583474201
2452,ENSG00000114646,228.982102403169
2453,ENSG00000114648,196.35672578030102
2454,ENSG00000114650,746.9269190814571
2455,ENSG00000114670,31.415456108014997
2456,ENSG00000114686,688.955293408025
2457,ENSG00000114735,1028.5534304139599
2458,ENSG00000114737,305.606265979031
2459,ENSG00000114738,712.729763116539
2460,ENSG00000114739,362.51903784707804
2461,ENSG00000114742,314.459264126547
2462,ENSG00000114744,509.480154406085
2463,ENSG00000114745,1159.29623170202
2464,ENSG00000114767,405.24686749132997
2465,ENSG00000114770,201.558147697621
2466,ENSG00000114779,10387.7160671375
2467,ENSG00000114784,288.196323596564
2468,ENSG00000114796,197.633343759743
2469,ENSG00000114841,102.78420313115299
2470,ENSG00000114850,836.6037398615739
2471,ENSG00000114853,146.566730102211
2472,ENSG00000114857,309.22342360272
2473,ENSG00000114861,162.044388200728
2474,ENSG00000114867,338.411200124621
2475,ENSG00000114902,846.463063475755
2476,ENSG00000114904,349.536433305258
2477,ENSG00000114933,123.67844837594801
2478,ENSG00000114942,706.751592593096
2479,ENSG00000114956,864.0737780005279
2480,ENSG00000114978,270.239780853178
2481,ENSG00000114982,131.091055264559
2482,ENSG00000114988,365.40247813438697
2483,ENSG00000114993,528.146829899842
2484,ENSG00000115020,419.859346210316
2485,ENSG00000115042,1872.5688792961398
2486,ENSG00000115053,375.868868792473
2487,ENSG00000115073,466.168320808433
2488,ENSG00000115084,688.531319501282
2489,ENSG00000115091,576.992875553819
2490,ENSG00000115109,350.233771034273
2491,ENSG00000115128,392.29739415956
2492,ENSG00000115129,177.086887416414
2493,ENSG00000115145,182.600926607529
2494,ENSG00000115163,166.454831075084
2495,ENSG00000115170,150.346640456215
2496,ENSG00000115183,146.221803008621
2497,ENSG00000115204,1128.78482750362
2498,ENSG00000115207,230.74761162765301
2499,ENSG00000115211,408.053066636041
2500,ENSG00000115216,135.792653369346
2501,ENSG00000115233,364.745319025442
2502,ENSG00000115234,307.131220147321
2503,ENSG00000115239,362.33722689672203
2504,ENSG00000115241,635.217339895266
2505,ENSG00000115268,756.480003814268
2506,ENSG00000115274,280.646106435298
2507,ENSG00000115275,697.099917435206
2508,ENSG00000115282,185.69836003673
2509,ENSG00000115286,1633.31741116719
2510,ENSG00000115289,132.93116575788
2511,ENSG00000115306,488.397192053668
2512,ENSG00000115307,528.049251111077
2513,ENSG00000115310,1070.95613512178
2514,ENSG00000115317,758.6859866741
2515,ENSG00000115350,360.23945073498703
2516,ENSG00000115355,401.450275710966
2517,ENSG00000115364,672.574505926095
2518,ENSG00000115365,1040.0670191302002
2519,ENSG00000115368,297.19610658573
2520,ENSG00000115392,911.706354686756
2521,ENSG00000115414,1690.87537400192
2522,ENSG00000115415,379.220834795815
2523,ENSG00000115419,447.362408047283
2524,ENSG00000115421,135.418346997744
2525,ENSG00000115425,191.20763745205102
2526,ENSG00000115446,218.44728934652
2527,ENSG00000115459,203.98394757341703
2528,ENSG00000115464,236.041508295938
2529,ENSG00000115484,691.071802823591
2530,ENSG00000115486,641.132830107873
2531,ENSG00000115504,181.33128631522098
2532,ENSG00000115514,148.04137463789
2533,ENSG00000115520,107.732009017277
2534,ENSG00000115524,304.950868777846
2535,ENSG00000115525,481.804832974332
2536,ENSG00000115526,341.05548213832503
2537,ENSG00000115539,247.839188730973
2538,ENSG00000115540,222.00467988317502
2539,ENSG00000115541,625.224073459826
2540,ENSG00000115548,87.21468128231291
2541,ENSG00000115561,162.697933697403
2542,ENSG00000115568,137.403271935028
2543,ENSG00000115594,215.580980254606
2544,ENSG00000115641,319.29439408080896
2545,ENSG00000115649,377.131460416738
2546,ENSG00000115652,459.38290897431096
2547,ENSG00000115657,384.036780606709
2548,ENSG00000115661,535.050449141602
2549,ENSG00000115677,511.34704953037595
2550,ENSG00000115685,959.7082883282769
2551,ENSG00000115687,1433.89209594457
2552,ENSG00000115694,856.396294059084
2553,ENSG00000115738,63.289696667753894
2554,ENSG00000115750,284.440108843344
2555,ENSG00000115758,753.6232834298011
2556,ENSG00000115760,222.831769110414
2557,ENSG00000115761,179.887821078457
2558,ENSG00000115762,204.711868159814
2559,ENSG00000115806,285.801096919075
2560,ENSG00000115808,452.27643467517197
2561,ENSG00000115816,300.882379590657
2562,ENSG00000115825,473.38291642905
2563,ENSG00000115827,553.23759999254
2564,ENSG00000115839,244.85911389018298
2565,ENSG00000115840,545.011504204354
2566,ENSG00000115841,156.19867445935301
2567,ENSG00000115850,34.4705113474487
2568,ENSG00000115866,580.4038185892811
2569,ENSG00000115875,158.954254587484
2570,ENSG00000115896,205.301761836223
2571,ENSG00000115902,199.36984625124902
2572,ENSG00000115904,184.87184739205003
2573,ENSG00000115942,364.36627692103895
2574,ENSG00000115944,531.523520803041
2575,ENSG00000115946,278.55812320268103
2576,ENSG00000115947,531.37795963629
2577,ENSG00000115966,105.738579631416
2578,ENSG00000115970,117.225855539041
2579,ENSG00000115977,197.19211912457
2580,ENSG00000115993,279.785348160244
2581,ENSG00000115998,85.66917466130879
2582,ENSG00000116001,356.80679402422203
2583,ENSG00000116005,407.92625192496297
2584,ENSG00000116016,120.080011112893
2585,ENSG00000116017,180.891197738212
2586,ENSG00000116030,539.621885367494
2587,ENSG00000116044,109.430552162444
2588,ENSG00000116062,321.031064210962
2589,ENSG00000116095,166.117652610717
2590,ENSG00000116120,920.912508847171
2591,ENSG00000116127,149.502730246537
2592,ENSG00000116128,260.56231482738497
2593,ENSG00000116133,514.014226928105
2594,ENSG00000116138,86.36051034213459
2595,ENSG00000116151,157.880208411047
2596,ENSG00000116161,771.874000830933
2597,ENSG00000116171,1858.9373906904398
2598,ENSG00000116191,354.671041345197
2599,ENSG00000116198,276.426616354991
2600,ENSG00000116199,289.813471975037
2601,ENSG00000116205,155.32038565512198
2602,ENSG00000116209,555.5517807644641
2603,ENSG00000116212,318.918728949475
2604,ENSG00000116213,365.84561674221
2605,ENSG00000116221,915.093483704585
2606,ENSG00000116237,256.566016581022
2607,ENSG00000116251,880.250026609235
2608,ENSG00000116260,1894.29519894401
2609,ENSG00000116266,379.457115774391
2610,ENSG00000116273,44.574846467105
2611,ENSG00000116285,145.436747012839
2612,ENSG00000116288,753.470933691553
2613,ENSG00000116337,496.46311015321504
2614,ENSG00000116350,286.374904835953
2615,ENSG00000116353,930.6641747767699
2616,ENSG00000116406,254.78343039677003
2617,ENSG00000116455,527.481119978337
2618,ENSG00000116459,695.15563901536
2619,ENSG00000116473,632.0848465113901
2620,ENSG00000116478,566.388645843901
2621,ENSG00000116489,698.136400372596
2622,ENSG00000116497,131.57833184501
2623,ENSG00000116514,106.701448397055
2624,ENSG00000116521,641.6328221428411
2625,ENSG00000116539,78.9404471456462
2626,ENSG00000116560,151.054820737608
2627,ENSG00000116580,138.724090220991
2628,ENSG00000116584,188.035843286815
2629,ENSG00000116586,732.139201802327
2630,ENSG00000116604,180.529042366388
2631,ENSG00000116641,233.638514202473
2632,ENSG00000116649,1554.05727061565
2633,ENSG00000116668,153.735196055751
2634,ENSG00000116670,880.343013430592
2635,ENSG00000116675,203.510633237767
2636,ENSG00000116678,18395.2824220982
2637,ENSG00000116679,329.83460238310397
2638,ENSG00000116685,248.887738214223
2639,ENSG00000116688,286.18972423357104
2640,ENSG00000116691,1394.98376815379
2641,ENSG00000116698,290.52581716939204
2642,ENSG00000116704,229.624138544637
2643,ENSG00000116717,228.586171934081
2644,ENSG00000116731,239.40753943345902
2645,ENSG00000116741,133.02913878344802
2646,ENSG00000116747,459.96130545416196
2647,ENSG00000116750,1155.0718373226598
2648,ENSG00000116752,245.09525062634103
2649,ENSG00000116754,331.684563295724
2650,ENSG00000116761,568.023318960997
2651,ENSG00000116786,360.979530432361
2652,ENSG00000116791,3333.59015854045
2653,ENSG00000116793,116.31431206100099
2654,ENSG00000116809,235.105637585792
2655,ENSG00000116815,245.454857279841
2656,ENSG00000116830,217.281826952281
2657,ENSG00000116852,786.530169176553
2658,ENSG00000116857,1021.94495878188
2659,ENSG00000116863,134.73489338572
2660,ENSG00000116871,165.810206307779
2661,ENSG00000116874,331.133163865981
2662,ENSG00000116898,1148.22605430147
2663,ENSG00000116906,800.289921074767
2664,ENSG00000116918,307.345946734099
2665,ENSG00000116922,189.771767322668
2666,ENSG00000116954,137.992339666791
2667,ENSG00000116957,268.161561827252
2668,ENSG00000116977,378.265550057135
2669,ENSG00000116984,369.707077951836
2670,ENSG00000117000,134.671414130405
2671,ENSG00000117010,141.282178567904
2672,ENSG00000117013,768.552751137057
2673,ENSG00000117036,113.853398644408
2674,ENSG00000117054,477.420523038636
2675,ENSG00000117118,610.177535753759
2676,ENSG00000117133,260.204611353858
2677,ENSG00000117139,246.60002738524798
2678,ENSG00000117143,543.978249954892
2679,ENSG00000117151,1093.03705836569
2680,ENSG00000117153,750.665334522342
2681,ENSG00000117155,418.48147063795
2682,ENSG00000117174,287.586911842267
2683,ENSG00000117222,177.638920511954
2684,ENSG00000117262,157.736170212065
2685,ENSG00000117280,525.0226418988871
2686,ENSG00000117298,391.114574426466
2687,ENSG00000117305,1598.51497966465
2688,ENSG00000117308,1198.6280553499198
2689,ENSG00000117318,77.48192627050551
2690,ENSG00000117335,983.816244104956
2691,ENSG00000117360,124.752654478763
2692,ENSG00000117362,919.446900220848
2693,ENSG00000117385,401.92806110476096
2694,ENSG00000117394,140.319322320836
2695,ENSG00000117395,627.9465205381849
2696,ENSG00000117399,255.518323164232
2697,ENSG00000117408,341.33009404682
2698,ENSG00000117410,319.114502364714
2699,ENSG00000117411,628.351340073894
2700,ENSG00000117419,2117.0870191229997
2701,ENSG00000117448,526.566951935581
2702,ENSG00000117450,428.74203924254306
2703,ENSG00000117461,55.823121758015205
2704,ENSG00000117475,247.66640462256
2705,ENSG00000117479,819.534568361799
2706,ENSG00000117480,173.122555179167
2707,ENSG00000117481,217.153671508485
2708,ENSG00000117500,563.326424094963
2709,ENSG00000117505,257.908263870521
2710,ENSG00000117523,365.20734223050005
2711,ENSG00000117528,488.169621209134
2712,ENSG00000117533,568.858197407224
2713,ENSG00000117543,2061.26642911092
2714,ENSG00000117569,106.03964506955201
2715,ENSG00000117592,1785.12722238714
2716,ENSG00000117593,509.699506561845
2717,ENSG00000117597,105.32043023262301
2718,ENSG00000117602,192.97780064618303
2719,ENSG00000117614,131.869544637899
2720,ENSG00000117616,121.834644456283
2721,ENSG00000117620,810.4610160193871
2722,ENSG00000117625,173.01590360421298
2723,ENSG00000117632,633.379214150172
2724,ENSG00000117640,1011.94560121983
2725,ENSG00000117650,416.678636180788
2726,ENSG00000117676,616.364263299584
2727,ENSG00000117682,234.746863062587
2728,ENSG00000117697,331.656778664663
2729,ENSG00000117713,129.545050469848
2730,ENSG00000117724,220.01624802636903
2731,ENSG00000117748,371.003806195842
2732,ENSG00000117751,216.822465795645
2733,ENSG00000117758,178.48400099374
2734,ENSG00000117859,680.15827996109
2735,ENSG00000117862,548.32091601476
2736,ENSG00000117868,500.197883015923
2737,ENSG00000117877,230.22141840523102
2738,ENSG00000117899,416.53441041323
2739,ENSG00000117906,1413.02989143894
2740,ENSG00000117984,1361.00340687105
2741,ENSG00000118004,343.541150023789
2742,ENSG00000118007,129.415233502196
2743,ENSG00000118046,396.630749990452
2744,ENSG00000118058,169.26178770416
2745,ENSG00000118096,190.488555901349
2746,ENSG00000118162,255.553210073284
2747,ENSG00000118181,936.5601313823869
2748,ENSG00000118193,219.26210779310298
2749,ENSG00000118197,201.07643730828602
2750,ENSG00000118200,189.942261000895
2751,ENSG00000118217,169.455839144151
2752,ENSG00000118246,194.43836116288503
2753,ENSG00000118260,351.216566513066
2754,ENSG00000118308,713.3578071869459
2755,ENSG00000118363,644.318336446792
2756,ENSG00000118412,235.199642530459
2757,ENSG00000118418,677.741936282232
2758,ENSG00000118420,306.909298148036
2759,ENSG00000118454,119.910373857566
2760,ENSG00000118482,251.604303676592
2761,ENSG00000118496,237.525379085076
2762,ENSG00000118503,42.9317597605051
2763,ENSG00000118507,299.974909014597
2764,ENSG00000118513,593.904855444368
2765,ENSG00000118514,58.7578804249285
2766,ENSG00000118515,43.2879616924241
2767,ENSG00000118518,344.199986631763
2768,ENSG00000118579,273.809208237383
2769,ENSG00000118600,353.242895994409
2770,ENSG00000118620,146.066553539423
2771,ENSG00000118655,91.32255636180349
2772,ENSG00000118680,412.032927612035
2773,ENSG00000118689,86.98463841969358
2774,ENSG00000118705,640.47026266173
2775,ENSG00000118777,289.950532772344
2776,ENSG00000118816,838.583910446666
2777,ENSG00000118873,352.057050496503
2778,ENSG00000118900,163.531061183
2779,ENSG00000118939,339.27007737640497
2780,ENSG00000118961,346.664663126055
2781,ENSG00000118985,300.947497111028
2782,ENSG00000119004,68.9759358298085
2783,ENSG00000119013,541.7263761931771
2784,ENSG00000119041,548.0418756986139
2785,ENSG00000119042,179.16071204016103
2786,ENSG00000119048,289.723003901505
2787,ENSG00000119125,849.7350608912201
2788,ENSG00000119138,108.833959912626
2789,ENSG00000119139,298.238231211347
2790,ENSG00000119185,810.32954703008
2791,ENSG00000119203,447.900988889089
2792,ENSG00000119231,136.749261419794
2793,ENSG00000119242,221.359663497735
2794,ENSG00000119285,328.791860968335
2795,ENSG00000119314,1250.90041801816
2796,ENSG00000119318,263.284890800433
2797,ENSG00000119321,171.615557201994
2798,ENSG00000119326,486.85547954443
2799,ENSG00000119328,546.819352226926
2800,ENSG00000119335,543.848454988621
2801,ENSG00000119383,1668.73675194707
2802,ENSG00000119392,321.69137976896303
2803,ENSG00000119396,264.293553889497
2804,ENSG00000119397,298.58870878642
2805,ENSG00000119402,338.97318680115603
2806,ENSG00000119403,250.468613533508
2807,ENSG00000119408,507.341601864382
2808,ENSG00000119414,451.999962518435
2809,ENSG00000119421,1020.7619069614999
2810,ENSG00000119431,173.242203551544
2811,ENSG00000119446,237.795271076537
2812,ENSG00000119471,517.982355567982
2813,ENSG00000119487,317.04383735710303
2814,ENSG00000119509,344.896569322527
2815,ENSG00000119514,1183.62697507019
2816,ENSG00000119522,198.710944138755
2817,ENSG00000119523,158.171222849986
2818,ENSG00000119535,520.238722469708
2819,ENSG00000119537,280.047961939492
2820,ENSG00000119541,84.15689857774291
2821,ENSG00000119547,398.292962881408
2822,ENSG00000119559,346.446299039614
2823,ENSG00000119596,163.329318121637
2824,ENSG00000119599,93.02265339484421
2825,ENSG00000119616,672.0171251241201
2826,ENSG00000119638,397.17765390747
2827,ENSG00000119640,911.5418466058211
2828,ENSG00000119682,216.97703227811797
2829,ENSG00000119684,235.705048977905
2830,ENSG00000119685,146.20199773584
2831,ENSG00000119688,354.34642585088204
2832,ENSG00000119689,210.179863696208
2833,ENSG00000119705,287.009337309034
2834,ENSG00000119707,250.647686219184
2835,ENSG00000119718,428.478710542543
2836,ENSG00000119720,49.9353825956077
2837,ENSG00000119725,140.844277998695
2838,ENSG00000119729,330.75423175070597
2839,ENSG00000119737,112.01193380081101
2840,ENSG00000119760,271.445835032845
2841,ENSG00000119777,603.948429986981
2842,ENSG00000119778,256.258734411798
2843,ENSG00000119787,188.518606883705
2844,ENSG00000119801,144.376977255529
2845,ENSG00000119812,476.703252821799
2846,ENSG00000119820,422.371093189835
2847,ENSG00000119844,206.78868699574198
2848,ENSG00000119878,216.72483221808
2849,ENSG00000119899,292.408266612634
2850,ENSG00000119912,603.858842264934
2851,ENSG00000119927,184.10637000142103
2852,ENSG00000119929,314.369429369419
2853,ENSG00000119938,89.30396004323151
2854,ENSG00000119950,266.91499737669
2855,ENSG00000119953,165.395730761528
2856,ENSG00000119965,254.582385053262
2857,ENSG00000119969,444.572109664348
2858,ENSG00000119977,683.923238316364
2859,ENSG00000119979,267.262891602867
2860,ENSG00000120008,345.828615291549
2861,ENSG00000120049,358.810003995917
2862,ENSG00000120053,578.4668028869
2863,ENSG00000120063,112.532352076086
2864,ENSG00000120093,167.574374014732
2865,ENSG00000120129,70.8398475356686
2866,ENSG00000120137,465.98551537067704
2867,ENSG00000120158,346.18219742143
2868,ENSG00000120159,373.433724603337
2869,ENSG00000120162,414.66205682058404
2870,ENSG00000120253,466.32539175359
2871,ENSG00000120254,256.607078910858
2872,ENSG00000120265,427.160581977153
2873,ENSG00000120306,630.899569910279
2874,ENSG00000120314,267.05859652524504
2875,ENSG00000120318,477.959763828566
2876,ENSG00000120333,239.406055094939
2877,ENSG00000120334,77.99234736928929
2878,ENSG00000120370,84.97419658987009
2879,ENSG00000120437,1032.69629151627
2880,ENSG00000120438,597.787688250817
2881,ENSG00000120451,242.400163602733
2882,ENSG00000120458,279.522776091656
2883,ENSG00000120509,554.094600475026
2884,ENSG00000120519,150.43288509571002
2885,ENSG00000120526,488.13799432936094
2886,ENSG00000120533,445.670097587903
2887,ENSG00000120539,174.622998162648
2888,ENSG00000120616,55.7581183263046
2889,ENSG00000120647,84.3078633081824
2890,ENSG00000120656,856.610980470623
2891,ENSG00000120662,177.06680229108002
2892,ENSG00000120664,29.589826952080603
2893,ENSG00000120685,427.883995764749
2894,ENSG00000120686,491.73142876456103
2895,ENSG00000120688,142.882473749654
2896,ENSG00000120690,146.605716166614
2897,ENSG00000120694,623.881100836701
2898,ENSG00000120697,268.675345338519
2899,ENSG00000120699,721.6138358763701
2900,ENSG00000120705,411.482732240969
2901,ENSG00000120709,181.42825566313599
2902,ENSG00000120725,546.297999638075
2903,ENSG00000120727,393.04708322805396
2904,ENSG00000120733,289.708892373115
2905,ENSG00000120738,184.52198875367
2906,ENSG00000120742,558.639584668676
2907,ENSG00000120798,392.572784206555
2908,ENSG00000120800,166.051443099214
2909,ENSG00000120802,261.005635858263
2910,ENSG00000120805,651.519922628274
2911,ENSG00000120832,508.345821428235
2912,ENSG00000120833,430.625927938527
2913,ENSG00000120837,422.316157050764
2914,ENSG00000120860,830.0476527685311
2915,ENSG00000120868,846.139623072594
2916,ENSG00000120889,293.39885994508097
2917,ENSG00000120899,646.771449878265
2918,ENSG00000120910,210.460722361273
2919,ENSG00000120942,209.607057318726
2920,ENSG00000120948,178.425222015858
2921,ENSG00000120963,442.967730063098
2922,ENSG00000120992,1738.06938870935
2923,ENSG00000121022,361.475256159702
2924,ENSG00000121039,343.64438065206804
2925,ENSG00000121057,206.294992614451
2926,ENSG00000121058,179.792778010084
2927,ENSG00000121060,564.02614200758
2928,ENSG00000121064,1563.17337449834
2929,ENSG00000121067,265.126126593219
2930,ENSG00000121073,344.000874894447
2931,ENSG00000121104,378.42550340136495
2932,ENSG00000121152,213.81874470031997
2933,ENSG00000121210,144.12262442489902
2934,ENSG00000121211,801.4876856143179
2935,ENSG00000121274,126.665452970583
2936,ENSG00000121281,647.347034858758
2937,ENSG00000121350,254.36789486105098
2938,ENSG00000121390,135.440133285308
2939,ENSG00000121417,63.6694295747161
2940,ENSG00000121481,277.514656571377
2941,ENSG00000121542,448.241054436662
2942,ENSG00000121579,522.037538269177
2943,ENSG00000121621,131.28817910523998
2944,ENSG00000121644,282.280483144703
2945,ENSG00000121671,108.870885458806
2946,ENSG00000121680,262.57440048133
2947,ENSG00000121691,492.581613715707
2948,ENSG00000121716,155.786833773205
2949,ENSG00000121741,391.24569186828796
2950,ENSG00000121749,195.99525359979802
2951,ENSG00000121766,358.67237053695
2952,ENSG00000121774,351.473538689549
2953,ENSG00000121775,219.391467998451
2954,ENSG00000121851,1190.01950916121
2955,ENSG00000121858,955.665483793276
2956,ENSG00000121864,221.744027005144
2957,ENSG00000121879,321.832881301716
2958,ENSG00000121892,359.66811788800794
2959,ENSG00000121897,1033.9846276691499
2960,ENSG00000121900,2289.93902619963
2961,ENSG00000121903,112.58363014901
2962,ENSG00000121931,184.336504910523
2963,ENSG00000121940,548.923143507739
2964,ENSG00000121964,252.51536803868802
2965,ENSG00000122008,423.59704689099
2966,ENSG00000122026,387.447889114665
2967,ENSG00000122033,597.213929065026
2968,ENSG00000122034,1482.37833493742
2969,ENSG00000122042,110.110862969256
2970,ENSG00000122068,397.58906134213
2971,ENSG00000122085,147.75911081498998
2972,ENSG00000122126,803.3202966557599
2973,ENSG00000122140,407.43828986722
2974,ENSG00000122203,528.546287613426
2975,ENSG00000122218,416.392760364755
2976,ENSG00000122257,155.743467837584
2977,ENSG00000122299,238.63535610604697
2978,ENSG00000122359,857.084448517204
2979,ENSG00000122376,270.68775694693903
2980,ENSG00000122378,1629.4083724308402
2981,ENSG00000122390,239.25255200610002
2982,ENSG00000122406,1455.10839862557
2983,ENSG00000122435,419.64191995655
2984,ENSG00000122481,690.907596708723
2985,ENSG00000122482,117.909130645158
2986,ENSG00000122483,270.349706444347
2987,ENSG00000122484,253.45676674434398
2988,ENSG00000122512,303.012697497019
2989,ENSG00000122515,1301.18617431418
2990,ENSG00000122545,642.514495560917
2991,ENSG00000122550,459.28120442592905
2992,ENSG00000122557,181.63932917907798
2993,ENSG00000122565,318.4891237889
2994,ENSG00000122566,570.985333542591
2995,ENSG00000122574,997.305323532644
2996,ENSG00000122591,646.75330133585
2997,ENSG00000122642,3625.5300047662604
2998,ENSG00000122643,515.2163774838659
2999,ENSG00000122644,91.570863469278
3000,ENSG00000122674,300.717321650518
3001,ENSG00000122678,209.303163217095
3002,ENSG00000122687,147.220287266073
3003,ENSG00000122692,434.65195525017504
3004,ENSG00000122696,310.041623292267
3005,ENSG00000122705,317.91699585135103
3006,ENSG00000122729,766.0760298248821
3007,ENSG00000122741,236.50890424744802
3008,ENSG00000122779,110.782689125268
3009,ENSG00000122873,439.736716874972
3010,ENSG00000122882,88.2463890517863
3011,ENSG00000122884,568.859352639231
3012,ENSG00000122912,185.423369061275
3013,ENSG00000122952,241.35218752326801
3014,ENSG00000122958,479.561624683597
3015,ENSG00000122965,91.7445330278908
3016,ENSG00000122966,276.439120363992
3017,ENSG00000123064,447.326715766267
3018,ENSG00000123066,221.65839512451902
3019,ENSG00000123080,192.540522367337
3020,ENSG00000123091,225.02577763335202
3021,ENSG00000123094,199.21834852450297
3022,ENSG00000123104,147.519707544151
3023,ENSG00000123106,289.697796898228
3024,ENSG00000123124,186.097968585213
3025,ENSG00000123130,601.885750027702
3026,ENSG00000123131,698.870924806133
3027,ENSG00000123136,146.889065747782
3028,ENSG00000123143,1486.31648037935
3029,ENSG00000123144,254.526942520089
3030,ENSG00000123146,301.199890894946
3031,ENSG00000123154,382.91647605075303
3032,ENSG00000123159,570.348209259814
3033,ENSG00000123200,210.172794777809
3034,ENSG00000123213,420.68574337274003
3035,ENSG00000123219,217.628467479879
3036,ENSG00000123240,1487.83226800816
3037,ENSG00000123268,128.16832803736
3038,ENSG00000123297,205.699120856222
3039,ENSG00000123329,111.84306606551701
3040,ENSG00000123338,373.330860499981
3041,ENSG00000123349,997.229738101314
3042,ENSG00000123352,412.600811293208
3043,ENSG00000123353,135.86940412411698
3044,ENSG00000123358,187.993052894916
3045,ENSG00000123360,129.225964985382
3046,ENSG00000123374,613.919926038513
3047,ENSG00000123395,250.12445232659198
3048,ENSG00000123405,175.163468365044
3049,ENSG00000123415,233.858837863845
3050,ENSG00000123416,476.220627006273
3051,ENSG00000123472,307.21600469725496
3052,ENSG00000123473,194.92234838
3053,ENSG00000123485,107.50876352384
3054,ENSG00000123505,224.12007608655497
3055,ENSG00000123545,59.8826592906975
3056,ENSG00000123552,215.179698255079
3057,ENSG00000123562,1087.4620143800698
3058,ENSG00000123575,319.182588125623
3059,ENSG00000123595,216.413797036842
3060,ENSG00000123600,830.432636137125
3061,ENSG00000123607,241.012230058116
3062,ENSG00000123609,744.323428254851
3063,ENSG00000123636,196.94030511945
3064,ENSG00000123643,215.294434120402
3065,ENSG00000123684,540.772109880989
3066,ENSG00000123728,211.492138523058
3067,ENSG00000123737,335.382994572954
3068,ENSG00000123739,1094.64823154801
3069,ENSG00000123810,88.7327792319972
3070,ENSG00000123836,512.521991924778
3071,ENSG00000123892,767.807418618783
3072,ENSG00000123901,54.8849759963447
3073,ENSG00000123908,115.78218822226101
3074,ENSG00000123933,247.146533033986
3075,ENSG00000123975,145.026852569958
3076,ENSG00000123983,427.84620497032205
3077,ENSG00000123989,1016.02238056691
3078,ENSG00000123992,551.056676951617
3079,ENSG00000124067,454.151359370291
3080,ENSG00000124092,751.872359193745
3081,ENSG00000124103,80.5430236494892
3082,ENSG00000124120,140.75811855707
3083,ENSG00000124126,333.935949973482
3084,ENSG00000124145,119.416046531266
3085,ENSG00000124151,251.65247788332297
3086,ENSG00000124155,716.986717394668
3087,ENSG00000124160,93.5416596096379
3088,ENSG00000124164,119.77708480803601
3089,ENSG00000124171,106.783401364647
3090,ENSG00000124172,394.696918171073
3091,ENSG00000124177,133.238233294436
3092,ENSG00000124181,382.85821090890505
3093,ENSG00000124193,117.48260400898998
3094,ENSG00000124198,151.65306082205402
3095,ENSG00000124201,107.90961173425501
3096,ENSG00000124207,429.17629892574996
3097,ENSG00000124208,353.026607124505
3098,ENSG00000124209,113.856569314815
3099,ENSG00000124214,359.76801712764603
3100,ENSG00000124216,134.10969626207398
3101,ENSG00000124222,480.368360908905
3102,ENSG00000124224,153.62576709937
3103,ENSG00000124226,432.490236902648
3104,ENSG00000124228,274.194006641618
3105,ENSG00000124275,202.890427916725
3106,ENSG00000124279,135.669434023994
3107,ENSG00000124356,427.82303212551597
3108,ENSG00000124357,366.57060420100504
3109,ENSG00000124370,436.175497724131
3110,ENSG00000124380,248.174947559446
3111,ENSG00000124383,219.55980610460603
3112,ENSG00000124422,216.17775256986098
3113,ENSG00000124444,150.191801429178
3114,ENSG00000124459,139.584559604496
3115,ENSG00000124486,268.891828548235
3116,ENSG00000124508,1009.13659633916
3117,ENSG00000124523,353.19491526717496
3118,ENSG00000124532,286.676214988777
3119,ENSG00000124535,363.219581074451
3120,ENSG00000124541,246.786679890986
3121,ENSG00000124549,187.84662752271598
3122,ENSG00000124562,340.62328347323995
3123,ENSG00000124570,1873.77462606226
3124,ENSG00000124571,526.99266269633
3125,ENSG00000124574,417.999315429168
3126,ENSG00000124587,407.14570358632596
3127,ENSG00000124588,919.93724047496
3128,ENSG00000124593,456.57177809694605
3129,ENSG00000124596,404.852505186088
3130,ENSG00000124608,264.499765000495
3131,ENSG00000124614,1176.0888084581402
3132,ENSG00000124615,255.74326134530497
3133,ENSG00000124641,337.785230017592
3134,ENSG00000124688,87.5600879563757
3135,ENSG00000124702,989.009961891748
3136,ENSG00000124721,121.59439931072201
3137,ENSG00000124733,630.413359738494
3138,ENSG00000124762,103.133383651779
3139,ENSG00000124767,1087.9704370259801
3140,ENSG00000124782,315.099131002855
3141,ENSG00000124783,529.766894179078
3142,ENSG00000124784,305.87118943621397
3143,ENSG00000124786,441.597576166318
3144,ENSG00000124789,202.63560354110803
3145,ENSG00000124795,289.14119167401697
3146,ENSG00000124802,531.650604406393
3147,ENSG00000124831,414.449226206128
3148,ENSG00000124920,686.5300259640441
3149,ENSG00000124942,209.563574034604
3150,ENSG00000125037,256.635859746192
3151,ENSG00000125107,251.12347357379699
3152,ENSG00000125124,762.141353334269
3153,ENSG00000125149,175.017660653727
3154,ENSG00000125166,1246.17480688056
3155,ENSG00000125257,250.094477124991
3156,ENSG00000125304,674.681187483493
3157,ENSG00000125319,149.19940130235
3158,ENSG00000125347,53.918086113783595
3159,ENSG00000125351,120.06039272111799
3160,ENSG00000125354,589.455693822841
3161,ENSG00000125356,380.056544741287
3162,ENSG00000125375,883.918229220567
3163,ENSG00000125386,103.293658621924
3164,ENSG00000125388,151.24599480249398
3165,ENSG00000125430,418.94583484026805
3166,ENSG00000125445,230.443730219845
3167,ENSG00000125447,442.063416363224
3168,ENSG00000125449,261.519960300615
3169,ENSG00000125450,230.057099611565
3170,ENSG00000125454,787.0191598727021
3171,ENSG00000125458,3287.89573980544
3172,ENSG00000125459,155.710833229211
3173,ENSG00000125462,177.766343966937
3174,ENSG00000125482,149.591336337758
3175,ENSG00000125484,138.019658757934
3176,ENSG00000125485,93.88914828059151
3177,ENSG00000125505,913.9795948688279
3178,ENSG00000125520,703.5073670551849
3179,ENSG00000125534,47719.7547187234
3180,ENSG00000125611,1145.88117519518
3181,ENSG00000125629,789.657134429596
3182,ENSG00000125630,160.902144316122
3183,ENSG00000125633,144.03119743507798
3184,ENSG00000125637,346.52759575804606
3185,ENSG00000125651,247.392717889739
3186,ENSG00000125656,1063.62882205732
3187,ENSG00000125657,101.789716043505
3188,ENSG00000125676,511.040363861794
3189,ENSG00000125686,119.68726684189501
3190,ENSG00000125691,572.68535792805
3191,ENSG00000125695,623.653203547986
3192,ENSG00000125703,2928.2779026406297
3193,ENSG00000125726,346.11708125965697
3194,ENSG00000125733,359.801471621241
3195,ENSG00000125734,1175.4499809768
3196,ENSG00000125740,125.69217805359
3197,ENSG00000125743,642.914313739211
3198,ENSG00000125744,878.0995051646061
3199,ENSG00000125746,814.0190322018269
3200,ENSG00000125753,380.801106149375
3201,ENSG00000125755,333.213102623074
3202,ENSG00000125772,324.81928970970404
3203,ENSG00000125779,189.083069140712
3204,ENSG00000125812,109.58697987306999
3205,ENSG00000125814,208.554564847271
3206,ENSG00000125818,299.256649130135
3207,ENSG00000125826,776.4491118723511
3208,ENSG00000125827,448.201640310065
3209,ENSG00000125834,107.30041706362499
3210,ENSG00000125835,407.85939930272303
3211,ENSG00000125843,141.69406982689898
3212,ENSG00000125844,390.620269224918
3213,ENSG00000125863,282.60052864350797
3214,ENSG00000125868,777.437741681107
3215,ENSG00000125870,265.004926887234
3216,ENSG00000125871,319.755846101843
3217,ENSG00000125875,293.31745739786703
3218,ENSG00000125877,547.3300716198901
3219,ENSG00000125885,293.414790094807
3220,ENSG00000125901,397.10681225156
3221,ENSG00000125912,382.422380251029
3222,ENSG00000125944,456.74411517230004
3223,ENSG00000125945,63.4788665860903
3224,ENSG00000125952,188.60908417686198
3225,ENSG00000125954,186.50053310482602
3226,ENSG00000125962,472.46290540805603
3227,ENSG00000125967,155.276476992011
3228,ENSG00000125968,58.6320220988262
3229,ENSG00000125970,641.696153614825
3230,ENSG00000125971,276.708758408458
3231,ENSG00000125977,646.420343977826
3232,ENSG00000125991,1567.03391347076
3233,ENSG00000125995,710.793147188904
3234,ENSG00000126001,412.256695931148
3235,ENSG00000126003,116.377531426637
3236,ENSG00000126005,865.934115860983
3237,ENSG00000126012,344.38852591383204
3238,ENSG00000126062,114.212177243399
3239,ENSG00000126067,456.10815064384803
3240,ENSG00000126070,217.126474169333
3241,ENSG00000126088,707.1839141136929
3242,ENSG00000126091,202.920040249258
3243,ENSG00000126107,300.130717533228
3244,ENSG00000126214,236.431881998167
3245,ENSG00000126216,257.745979258672
3246,ENSG00000126226,261.452461689294
3247,ENSG00000126247,997.862365801486
3248,ENSG00000126254,300.856268664991
3249,ENSG00000126261,432.555307552875
3250,ENSG00000126267,488.020808895863
3251,ENSG00000126351,357.335078131567
3252,ENSG00000126368,117.578526360716
3253,ENSG00000126391,165.729097869009
3254,ENSG00000126432,972.018805521299
3255,ENSG00000126456,971.587407187513
3256,ENSG00000126457,682.587055647042
3257,ENSG00000126461,311.229320465517
3258,ENSG00000126464,175.567098900251
3259,ENSG00000126522,1071.28756508477
3260,ENSG00000126524,286.367228511581
3261,ENSG00000126561,850.915516970982
3262,ENSG00000126562,341.06899877741904
3263,ENSG00000126581,126.013209668341
3264,ENSG00000126602,972.327495730725
3265,ENSG00000126603,372.315978766741
3266,ENSG00000126653,151.328165419021
3267,ENSG00000126698,346.84858052203
3268,ENSG00000126705,261.421157722542
3269,ENSG00000126746,143.230262620486
3270,ENSG00000126749,253.972646625547
3271,ENSG00000126756,476.60296903946295
3272,ENSG00000126759,54.562719249048996
3273,ENSG00000126767,228.828292097727
3274,ENSG00000126768,1655.8240979654402
3275,ENSG00000126773,208.328372315345
3276,ENSG00000126775,123.672171791654
3277,ENSG00000126777,821.8685161378081
3278,ENSG00000126787,246.230200447742
3279,ENSG00000126790,90.5173504895354
3280,ENSG00000126814,295.163109369117
3281,ENSG00000126858,439.046122201903
3282,ENSG00000126870,103.43606220835899
3283,ENSG00000126882,97.1308396077985
3284,ENSG00000126883,231.764359769601
3285,ENSG00000126903,148.512864948757
3286,ENSG00000126934,617.598638475187
3287,ENSG00000126945,180.468268058441
3288,ENSG00000126953,211.07931091999902
3289,ENSG00000127022,611.4302494754979
3290,ENSG00000127054,644.084025384489
3291,ENSG00000127080,133.151596538411
3292,ENSG00000127081,77.38539692483991
3293,ENSG00000127125,345.00210582685304
3294,ENSG00000127184,903.621803510518
3295,ENSG00000127191,263.902031510942
3296,ENSG00000127311,295.709413914897
3297,ENSG00000127314,443.65934626817904
3298,ENSG00000127328,1737.65971605327
3299,ENSG00000127329,667.086212048804
3300,ENSG00000127337,285.48713638732005
3301,ENSG00000127399,510.36586122225503
3302,ENSG00000127415,861.858155308175
3303,ENSG00000127418,281.746980370672
3304,ENSG00000127419,777.288933168942
3305,ENSG00000127423,113.76784973540899
3306,ENSG00000127445,1002.85410546062
3307,ENSG00000127452,173.972556467477
3308,ENSG00000127463,599.267234817276
3309,ENSG00000127481,222.282903301442
3310,ENSG00000127483,178.210275286808
3311,ENSG00000127507,102.513194373099
3312,ENSG00000127511,498.71217855912806
3313,ENSG00000127526,264.392844106787
3314,ENSG00000127527,246.71299417077998
3315,ENSG00000127540,683.871195644782
3316,ENSG00000127554,236.18061538804298
3317,ENSG00000127564,541.187064106049
3318,ENSG00000127580,518.855934892768
3319,ENSG00000127586,1119.90348023409
3320,ENSG00000127603,228.945230526933
3321,ENSG00000127616,593.436852006639
3322,ENSG00000127663,511.03131025893504
3323,ENSG00000127774,642.3676128824051
3324,ENSG00000127804,115.96283638140899
3325,ENSG00000127824,138.519364260166
3326,ENSG00000127837,407.334333848305
3327,ENSG00000127838,411.535460639008
3328,ENSG00000127870,144.194723187759
3329,ENSG00000127884,980.5132711551109
3330,ENSG00000127914,261.60201977093897
3331,ENSG00000127922,540.294770268933
3332,ENSG00000127946,397.37282119591697
3333,ENSG00000127947,361.94759552981697
3334,ENSG00000127948,373.87051969275103
3335,ENSG00000127952,807.3946211758999
3336,ENSG00000127957,89.6279839140825
3337,ENSG00000127980,326.397298623762
3338,ENSG00000127993,87.75849530515171
3339,ENSG00000127995,564.162626355557
3340,ENSG00000128016,124.296097934632
3341,ENSG00000128050,1456.29577958836
3342,ENSG00000128059,455.92488990035
3343,ENSG00000128159,334.90857245022005
3344,ENSG00000128185,1708.93006333516
3345,ENSG00000128191,108.105079270133
3346,ENSG00000128228,722.104155855471
3347,ENSG00000128245,371.15784935655097
3348,ENSG00000128272,168.952539642673
3349,ENSG00000128283,247.733127139646
3350,ENSG00000128294,779.6373345600889
3351,ENSG00000128311,225.971746320047
3352,ENSG00000128335,696.171173050923
3353,ENSG00000128340,1097.2545176833
3354,ENSG00000128394,779.0530253222161
3355,ENSG00000128463,629.280775238887
3356,ENSG00000128513,365.45562333725405
3357,ENSG00000128524,449.90211593965995
3358,ENSG00000128534,342.628425344854
3359,ENSG00000128563,120.796593623262
3360,ENSG00000128578,382.77950095543196
3361,ENSG00000128585,219.94680153307004
3362,ENSG00000128590,55.754056816088
3363,ENSG00000128591,787.3111852199701
3364,ENSG00000128595,534.5836782940979
3365,ENSG00000128596,1107.21710960608
3366,ENSG00000128607,616.078589638857
3367,ENSG00000128609,494.943142245734
3368,ENSG00000128626,353.77840932556
3369,ENSG00000128654,1024.4193595623801
3370,ENSG00000128683,227.764418735585
3371,ENSG00000128694,574.3446006552321
3372,ENSG00000128699,458.467485431452
3373,ENSG00000128708,365.180641180485
3374,ENSG00000128731,266.11175853229497
3375,ENSG00000128789,486.294401165019
3376,ENSG00000128791,358.513679561363
3377,ENSG00000128829,737.4242141168311
3378,ENSG00000128881,254.921342568257
3379,ENSG00000128891,524.785665018837
3380,ENSG00000128908,53.191305239953095
3381,ENSG00000128915,557.256556197222
3382,ENSG00000128923,232.85092766338101
3383,ENSG00000128944,285.933572302125
3384,ENSG00000128951,514.196806716464
3385,ENSG00000128965,101.822816990707
3386,ENSG00000128973,684.2480436575
3387,ENSG00000128989,261.293643497926
3388,ENSG00000129003,401.621040734422
3389,ENSG00000129007,399.85843222356596
3390,ENSG00000129055,294.397228097602
3391,ENSG00000129071,174.465874655675
3392,ENSG00000129083,312.629487774405
3393,ENSG00000129084,496.47340151437004
3394,ENSG00000129103,7001.439950957691
3395,ENSG00000129128,966.258594033929
3396,ENSG00000129158,209.177011899585
3397,ENSG00000129173,89.30507754656219
3398,ENSG00000129187,433.083722095018
3399,ENSG00000129197,327.010511998649
3400,ENSG00000129226,108.38350035323299
3401,ENSG00000129235,796.671372019743
3402,ENSG00000129244,570.998781752977
3403,ENSG00000129245,198.448046643206
3404,ENSG00000129250,780.8350814052679
3405,ENSG00000129255,729.3534021899319
3406,ENSG00000129292,247.235445898367
3407,ENSG00000129315,107.036338180235
3408,ENSG00000129317,423.221357094916
3409,ENSG00000129347,366.76688962549105
3410,ENSG00000129351,295.540697497934
3411,ENSG00000129353,582.660013718634
3412,ENSG00000129460,161.816460133696
3413,ENSG00000129472,320.2590383534
3414,ENSG00000129473,265.76900911211396
3415,ENSG00000129484,617.006502230734
3416,ENSG00000129493,227.24937193351897
3417,ENSG00000129515,506.098071072239
3418,ENSG00000129518,102.529459527306
3419,ENSG00000129521,109.355104571253
3420,ENSG00000129534,198.70243694448502
3421,ENSG00000129559,595.3954761142151
3422,ENSG00000129562,731.679586350037
3423,ENSG00000129595,159.418781605136
3424,ENSG00000129625,228.334314180093
3425,ENSG00000129636,105.04624617308399
3426,ENSG00000129646,102.414969976957
3427,ENSG00000129657,223.647376346908
3428,ENSG00000129675,1215.5942066466
3429,ENSG00000129682,606.974490094164
3430,ENSG00000129691,395.405774246065
3431,ENSG00000129696,130.62967599842
3432,ENSG00000129749,41.436368512459104
3433,ENSG00000129757,311.444613779838
3434,ENSG00000129810,188.927224909656
3435,ENSG00000129925,990.7690603750129
3436,ENSG00000129932,130.360514771975
3437,ENSG00000129933,152.054314666709
3438,ENSG00000129968,1809.03245202036
3439,ENSG00000129991,376.089289046184
3440,ENSG00000129993,385.51628577643305
3441,ENSG00000130021,307.255871962125
3442,ENSG00000130023,384.233885950551
3443,ENSG00000130024,387.453621594738
3444,ENSG00000130038,686.059351189365
3445,ENSG00000130052,356.585630291455
3446,ENSG00000130055,15.932846244147198
3447,ENSG00000130066,257.749928756226
3448,ENSG00000130119,324.847501870674
3449,ENSG00000130150,344.67450547445196
3450,ENSG00000130158,569.25700526589
3451,ENSG00000130159,490.888391633906
3452,ENSG00000130164,117.363817153365
3453,ENSG00000130165,160.200993322919
3454,ENSG00000130175,1424.6859395744198
3455,ENSG00000130176,175.98023903574799
3456,ENSG00000130177,372.80045792174894
3457,ENSG00000130202,569.270749898786
3458,ENSG00000130203,950.2019227980198
3459,ENSG00000130204,192.44288431120202
3460,ENSG00000130208,596.165897206986
3461,ENSG00000130222,44.45762005480471
3462,ENSG00000130227,357.583243799886
3463,ENSG00000130244,1490.07078915689
3464,ENSG00000130254,157.24961587920401
3465,ENSG00000130255,882.638738363409
3466,ENSG00000130270,165.25290855091
3467,ENSG00000130294,1001.7450186866901
3468,ENSG00000130299,903.753939628898
3469,ENSG00000130303,1876.8360104395101
3470,ENSG00000130305,462.074909816704
3471,ENSG00000130309,581.246278404009
3472,ENSG00000130311,251.10778107004398
3473,ENSG00000130313,692.74135621759
3474,ENSG00000130332,404.00059398527196
3475,ENSG00000130340,150.215489332805
3476,ENSG00000130347,331.332378428671
3477,ENSG00000130348,463.623517369229
3478,ENSG00000130349,173.48348219309298
3479,ENSG00000130363,91.95030251099449
3480,ENSG00000130382,260.166540094943
3481,ENSG00000130396,471.31770828232004
3482,ENSG00000130402,593.111731775156
3483,ENSG00000130414,509.897519017602
3484,ENSG00000130429,781.1258301992721
3485,ENSG00000130449,100.485750187164
3486,ENSG00000130479,233.325678571609
3487,ENSG00000130489,211.45683709702098
3488,ENSG00000130511,897.854014259671
3489,ENSG00000130513,238.820086569126
3490,ENSG00000130517,732.003667296618
3491,ENSG00000130520,818.2056240018401
3492,ENSG00000130544,47.8327309060656
3493,ENSG00000130559,156.606516421056
3494,ENSG00000130560,571.675775324245
3495,ENSG00000130640,500.948716086492
3496,ENSG00000130649,40.7789797301105
3497,ENSG00000130695,195.566765523829
3498,ENSG00000130699,244.589055217194
3499,ENSG00000130703,348.60155762692904
3500,ENSG00000130706,338.27518851742803
3501,ENSG00000130707,1195.77766285084
3502,ENSG00000130713,644.168345346445
3503,ENSG00000130714,161.633168130754
3504,ENSG00000130717,466.771779536959
3505,ENSG00000130723,141.218279048165
3506,ENSG00000130724,714.68591709791
3507,ENSG00000130725,544.835320041641
3508,ENSG00000130726,382.134706126327
3509,ENSG00000130731,1503.46247179151
3510,ENSG00000130733,1348.04984129889
3511,ENSG00000130734,139.527783092475
3512,ENSG00000130741,1092.44487307979
3513,ENSG00000130749,80.72971071344409
3514,ENSG00000130764,208.22691358745098
3515,ENSG00000130766,248.601825680113
3516,ENSG00000130770,726.396257843904
3517,ENSG00000130772,102.926620329487
3518,ENSG00000130775,311.12247292052103
3519,ENSG00000130779,185.04618867435101
3520,ENSG00000130783,56.34258392868689
3521,ENSG00000130787,984.3774925852431
3522,ENSG00000130803,131.76301575208402
3523,ENSG00000130810,157.339877680314
3524,ENSG00000130811,823.897323608741
3525,ENSG00000130816,263.627307854348
3526,ENSG00000130818,84.3755741167334
3527,ENSG00000130821,710.0482554317109
3528,ENSG00000130826,524.043783207169
3529,ENSG00000130827,362.36672544743993
3530,ENSG00000130830,1182.2528125230199
3531,ENSG00000130921,150.155062048873
3532,ENSG00000130935,244.577388711496
3533,ENSG00000130939,380.60786874787993
3534,ENSG00000130958,814.9944463189729
3535,ENSG00000130985,717.112006447272
3536,ENSG00000130997,110.377184529998
3537,ENSG00000131013,379.24160476769
3538,ENSG00000131023,110.07528243231
3539,ENSG00000131043,126.96437409612
3540,ENSG00000131051,144.103944321864
3541,ENSG00000131067,1287.7544500991
3542,ENSG00000131069,1417.5040096729902
3543,ENSG00000131100,296.260095908502
3544,ENSG00000131115,111.25975456929899
3545,ENSG00000131116,362.01890674814797
3546,ENSG00000131143,765.835299017195
3547,ENSG00000131148,217.234533024148
3548,ENSG00000131149,225.54518927752602
3549,ENSG00000131152,494.964921789078
3550,ENSG00000131153,346.75657879239503
3551,ENSG00000131165,331.241587707765
3552,ENSG00000131171,3301.7078089920196
3553,ENSG00000131174,361.05286278789595
3554,ENSG00000131196,94.49730924873091
3555,ENSG00000131236,433.887752178095
3556,ENSG00000131238,672.110878338201
3557,ENSG00000131242,389.46286678198305
3558,ENSG00000131263,256.240939940717
3559,ENSG00000131269,938.903120418109
3560,ENSG00000131323,228.43372319978099
3561,ENSG00000131351,123.99514679339501
3562,ENSG00000131368,697.0115495145129
3563,ENSG00000131370,395.638982817797
3564,ENSG00000131373,363.883110192069
3565,ENSG00000131374,259.6832563411
3566,ENSG00000131375,180.561117562219
3567,ENSG00000131379,46.354154792337106
3568,ENSG00000131381,158.646743721873
3569,ENSG00000131389,229.284199142001
3570,ENSG00000131408,199.78627023755402
3571,ENSG00000131435,632.7296935442411
3572,ENSG00000131437,907.507028205392
3573,ENSG00000131446,367.365608872473
3574,ENSG00000131462,631.965903542049
3575,ENSG00000131467,465.327390383345
3576,ENSG00000131469,733.410564008409
3577,ENSG00000131470,279.221852247807
3578,ENSG00000131471,74.8321205455718
3579,ENSG00000131473,1154.61967441501
3580,ENSG00000131475,519.192455055547
3581,ENSG00000131480,125.762916197778
3582,ENSG00000131495,387.458314350646
3583,ENSG00000131503,259.94440887801005
3584,ENSG00000131504,463.30751746670404
3585,ENSG00000131507,1036.51547969666
3586,ENSG00000131508,546.965597968913
3587,ENSG00000131558,209.396697106007
3588,ENSG00000131584,364.557502811481
3589,ENSG00000131626,213.97201750701998
3590,ENSG00000131652,241.88418768258597
3591,ENSG00000131653,590.6758332929099
3592,ENSG00000131669,177.564674955377
3593,ENSG00000131697,331.567491075063
3594,ENSG00000131711,383.320109880316
3595,ENSG00000131721,542.917402446172
3596,ENSG00000131724,545.475950124199
3597,ENSG00000131725,228.619853989828
3598,ENSG00000131732,809.021530066504
3599,ENSG00000131747,235.25071684561902
3600,ENSG00000131748,365.019271885545
3601,ENSG00000131759,123.43662432905701
3602,ENSG00000131778,850.5919849124409
3603,ENSG00000131779,364.953295498267
3604,ENSG00000131788,498.58657606185
3605,ENSG00000131791,567.827786775966
3606,ENSG00000131828,1203.27111888459
3607,ENSG00000131844,428.49969944290496
3608,ENSG00000131845,116.624839754205
3609,ENSG00000131848,65.973802323856
3610,ENSG00000131871,268.067157577559
3611,ENSG00000131873,114.35902684549801
3612,ENSG00000131876,584.5879112922
3613,ENSG00000131931,120.65380032267099
3614,ENSG00000131941,103.05119180227
3615,ENSG00000131943,666.095916473759
3616,ENSG00000131944,171.83645382160702
3617,ENSG00000131966,711.151571944889
3618,ENSG00000132002,191.399884378999
3619,ENSG00000132004,477.588514024895
3620,ENSG00000132005,107.01449110007
3621,ENSG00000132017,300.237766233246
3622,ENSG00000132024,468.68491226382105
3623,ENSG00000132109,233.73838911160198
3624,ENSG00000132128,686.854336376565
3625,ENSG00000132153,263.880053554761
3626,ENSG00000132155,262.482066127454
3627,ENSG00000132182,996.6096446471629
3628,ENSG00000132196,636.180729282315
3629,ENSG00000132204,303.68918585577006
3630,ENSG00000132254,376.15770412200106
3631,ENSG00000132256,860.672435345946
3632,ENSG00000132275,168.052772929169
3633,ENSG00000132286,270.339711243106
3634,ENSG00000132294,264.70620168201697
3635,ENSG00000132300,139.241622860749
3636,ENSG00000132305,740.4326308512799
3637,ENSG00000132313,246.58535697228902
3638,ENSG00000132323,190.447826163993
3639,ENSG00000132326,90.20106517586599
3640,ENSG00000132330,495.50813530506304
3641,ENSG00000132341,449.852369701812
3642,ENSG00000132356,264.172486325146
3643,ENSG00000132357,135.269120539122
3644,ENSG00000132361,388.34981728226603
3645,ENSG00000132376,134.130338090285
3646,ENSG00000132382,443.539702327615
3647,ENSG00000132383,573.8617447655349
3648,ENSG00000132388,358.969692611462
3649,ENSG00000132394,294.114797167891
3650,ENSG00000132405,199.731836780732
3651,ENSG00000132406,544.182369121325
3652,ENSG00000132423,574.55843523082
3653,ENSG00000132424,510.192112282855
3654,ENSG00000132432,347.634483010893
3655,ENSG00000132434,108.18393343915001
3656,ENSG00000132436,215.827532118974
3657,ENSG00000132463,459.542764116498
3658,ENSG00000132466,191.162115143922
3659,ENSG00000132471,949.118833797278
3660,ENSG00000132475,161.34165246598698
3661,ENSG00000132478,158.265079496488
3662,ENSG00000132485,199.656745590204
3663,ENSG00000132507,734.870734460342
3664,ENSG00000132510,118.60291413080499
3665,ENSG00000132522,436.62368693004504
3666,ENSG00000132535,2188.7274002089102
3667,ENSG00000132541,2564.76467621582
3668,ENSG00000132549,147.77425752508302
3669,ENSG00000132570,180.495287207477
3670,ENSG00000132581,362.70170946870104
3671,ENSG00000132589,580.131153897788
3672,ENSG00000132591,610.819760930602
3673,ENSG00000132600,305.431160113957
3674,ENSG00000132603,234.733421507147
3675,ENSG00000132604,193.206822174342
3676,ENSG00000132612,410.590935619022
3677,ENSG00000132613,372.683871883636
3678,ENSG00000132635,1560.2513976334803
3679,ENSG00000132646,226.29495970115101
3680,ENSG00000132664,186.039934758063
3681,ENSG00000132670,350.89726840875505
3682,ENSG00000132676,557.323161226521
3683,ENSG00000132680,92.3582782688986
3684,ENSG00000132688,349.35259440045195
3685,ENSG00000132694,266.058439140409
3686,ENSG00000132716,341.031227195178
3687,ENSG00000132763,263.578807574967
3688,ENSG00000132768,309.543069876159
3689,ENSG00000132773,72.9572103888889
3690,ENSG00000132780,397.68330923524
3691,ENSG00000132781,902.7482028263839
3692,ENSG00000132792,344.629717965876
3693,ENSG00000132801,52.0529815507996
3694,ENSG00000132819,111.22544147357901
3695,ENSG00000132823,105.33256753799499
3696,ENSG00000132824,502.197923909987
3697,ENSG00000132842,230.29256739178902
3698,ENSG00000132881,486.890971353172
3699,ENSG00000132906,220.902054558558
3700,ENSG00000132912,173.22167149083901
3701,ENSG00000132950,179.383107318178
3702,ENSG00000132952,125.80441755551901
3703,ENSG00000132953,204.693727140514
3704,ENSG00000132963,457.090238053218
3705,ENSG00000132964,390.07690790319
3706,ENSG00000133026,346.289011330616
3707,ENSG00000133028,335.018476208523
3708,ENSG00000133030,467.83804701563906
3709,ENSG00000133056,177.306502118856
3710,ENSG00000133059,190.395890602594
3711,ENSG00000133069,213.6297739591
3712,ENSG00000133103,732.9024672140739
3713,ENSG00000133104,487.9982534327
3714,ENSG00000133111,599.635769770703
3715,ENSG00000133112,856.318250207145
3716,ENSG00000133114,345.884316357502
3717,ENSG00000133119,274.337052033662
3718,ENSG00000133134,632.705755309936
3719,ENSG00000133193,240.471793230467
3720,ENSG00000133195,538.287026897692
3721,ENSG00000133226,245.142634922885
3722,ENSG00000133243,643.357395416997
3723,ENSG00000133247,280.701787064137
3724,ENSG00000133250,324.990659467991
3725,ENSG00000133265,516.319886019331
3726,ENSG00000133275,804.859533739606
3727,ENSG00000133302,170.319594604
3728,ENSG00000133313,414.10754282516604
3729,ENSG00000133316,280.769843825168
3730,ENSG00000133318,864.319812383957
3731,ENSG00000133393,366.59793541198997
3732,ENSG00000133398,238.58156735015098
3733,ENSG00000133422,146.745918494294
3734,ENSG00000133454,94.8042227429359
3735,ENSG00000133606,202.19456554918
3736,ENSG00000133612,142.88608800580798
3737,ENSG00000133619,176.113404451572
3738,ENSG00000133624,86.8611009355698
3739,ENSG00000133627,178.60928797094897
3740,ENSG00000133639,86.1969133075881
3741,ENSG00000133641,456.92943688440806
3742,ENSG00000133657,241.45097611444402
3743,ENSG00000133703,167.10633971555902
3744,ENSG00000133704,772.032289720491
3745,ENSG00000133706,839.333547371008
3746,ENSG00000133731,266.168162109289
3747,ENSG00000133739,2276.10241292316
3748,ENSG00000133773,209.370318749841
3749,ENSG00000133805,294.153705695363
3750,ENSG00000133808,86.65133892599121
3751,ENSG00000133812,150.96246702341801
3752,ENSG00000133816,210.96336051524398
3753,ENSG00000133818,745.450190633909
3754,ENSG00000133835,1736.35349831721
3755,ENSG00000133858,231.93744259002602
3756,ENSG00000133863,382.243684078459
3757,ENSG00000133872,444.203639609225
3758,ENSG00000133884,342.42718730388
3759,ENSG00000133895,848.273949754259
3760,ENSG00000133935,1570.2679430699
3761,ENSG00000133961,482.89894096230995
3762,ENSG00000133997,226.341332583038
3763,ENSG00000134001,402.29629957467995
3764,ENSG00000134014,249.486802033494
3765,ENSG00000134030,220.49807026712898
3766,ENSG00000134046,299.44347320464
3767,ENSG00000134049,502.07782600950105
3768,ENSG00000134056,537.973239796114
3769,ENSG00000134057,202.28812022700401
3770,ENSG00000134058,334.170043788241
3771,ENSG00000134072,1177.9402488452001
3772,ENSG00000134077,391.583193886969
3773,ENSG00000134086,203.886198448366
3774,ENSG00000134107,84.3908452093172
3775,ENSG00000134108,373.77616054450897
3776,ENSG00000134109,226.32939546913101
3777,ENSG00000134138,144.781689367128
3778,ENSG00000134152,596.869794412826
3779,ENSG00000134153,235.761790316219
3780,ENSG00000134186,200.90858364628002
3781,ENSG00000134222,523.0192949295571
3782,ENSG00000134243,1375.67572902961
3783,ENSG00000134248,277.02170186045703
3784,ENSG00000134255,756.6600502472861
3785,ENSG00000134262,246.89368398831903
3786,ENSG00000134265,396.757540913583
3787,ENSG00000134278,272.12010579310004
3788,ENSG00000134283,221.80695633422798
3789,ENSG00000134287,425.043240975382
3790,ENSG00000134294,48.256634877698296
3791,ENSG00000134308,428.57317269636496
3792,ENSG00000134313,349.72460436046305
3793,ENSG00000134318,358.652789642069
3794,ENSG00000134321,213.838342992435
3795,ENSG00000134324,206.524182940506
3796,ENSG00000134326,118.71247657541402
3797,ENSG00000134333,1188.16875562364
3798,ENSG00000134352,204.625278358688
3799,ENSG00000134371,142.12871252953101
3800,ENSG00000134375,265.24522600742597
3801,ENSG00000134419,645.673084740726
3802,ENSG00000134440,382.346983270839
3803,ENSG00000134444,127.121850889898
3804,ENSG00000134452,322.959272928315
3805,ENSG00000134453,641.922741106459
3806,ENSG00000134461,172.710419442186
3807,ENSG00000134463,943.66845228379
3808,ENSG00000134470,567.40931495442
3809,ENSG00000134480,434.466037597859
3810,ENSG00000134516,256.38604344017
3811,ENSG00000134575,265.596799691853
3812,ENSG00000134597,545.29827947154
3813,ENSG00000134602,619.949460307729
3814,ENSG00000134644,116.363295936406
3815,ENSG00000134684,780.426737551121
3816,ENSG00000134686,315.503940645513
3817,ENSG00000134690,169.357366610831
3818,ENSG00000134697,369.25109416325597
3819,ENSG00000134698,432.112817063171
3820,ENSG00000134709,735.1943732253461
3821,ENSG00000134717,252.95068184268501
3822,ENSG00000134744,351.013667112191
3823,ENSG00000134748,238.09396248319803
3824,ENSG00000134755,787.468249323632
3825,ENSG00000134758,393.862604553423
3826,ENSG00000134759,524.481907569751
3827,ENSG00000134769,231.70997299573898
3828,ENSG00000134779,1447.48340053564
3829,ENSG00000134802,458.44197187307503
3830,ENSG00000134809,292.406283289138
3831,ENSG00000134815,168.805872974759
3832,ENSG00000134824,588.75264101975
3833,ENSG00000134825,840.182716377736
3834,ENSG00000134851,114.461739996848
3835,ENSG00000134852,355.14140407443
3836,ENSG00000134871,186.49723916435397
3837,ENSG00000134882,620.001634941472
3838,ENSG00000134884,381.97656040096496
3839,ENSG00000134897,1716.4001527040302
3840,ENSG00000134899,292.017339033781
3841,ENSG00000134900,391.593743087482
3842,ENSG00000134905,853.718586499535
3843,ENSG00000134910,909.904642470085
3844,ENSG00000134970,312.866118299066
3845,ENSG00000134982,97.4993014105044
3846,ENSG00000134987,329.791265557514
3847,ENSG00000134996,582.785752048188
3848,ENSG00000135002,508.34880109498596
3849,ENSG00000135018,378.34345182568296
3850,ENSG00000135040,255.54702377360599
3851,ENSG00000135045,402.758509193895
3852,ENSG00000135046,1021.37601231468
3853,ENSG00000135047,812.960904464847
3854,ENSG00000135048,97.6531970867833
3855,ENSG00000135069,1073.95938682276
3856,ENSG00000135070,217.413482462161
3857,ENSG00000135074,825.576230387307
3858,ENSG00000135090,278.531831101366
3859,ENSG00000135093,423.903399481778
3860,ENSG00000135108,93.5423221360676
3861,ENSG00000135124,705.056201965182
3862,ENSG00000135148,404.02999159931505
3863,ENSG00000135164,174.984924842906
3864,ENSG00000135185,298.581246166355
3865,ENSG00000135211,216.12873606122398
3866,ENSG00000135241,149.796896461265
3867,ENSG00000135245,139.289467693186
3868,ENSG00000135248,42.362931162120795
3869,ENSG00000135249,324.584104846801
3870,ENSG00000135250,264.25648982406
3871,ENSG00000135269,376.18183475119906
3872,ENSG00000135297,234.270374581567
3873,ENSG00000135299,456.40197161853104
3874,ENSG00000135314,97.1003798659629
3875,ENSG00000135315,208.696004600709
3876,ENSG00000135316,297.934794748788
3877,ENSG00000135317,389.885384982315
3878,ENSG00000135324,572.4021521670829
3879,ENSG00000135334,97.9877592958038
3880,ENSG00000135336,503.212220476101
3881,ENSG00000135341,296.35480230390704
3882,ENSG00000135363,539.788068515321
3883,ENSG00000135365,294.88548078497
3884,ENSG00000135372,344.475250901466
3885,ENSG00000135387,368.944419947519
3886,ENSG00000135390,965.166369227097
3887,ENSG00000135392,199.41521959831903
3888,ENSG00000135404,370.752877793666
3889,ENSG00000135407,71.83659147417359
3890,ENSG00000135409,313.54515472372003
3891,ENSG00000135414,997.8707314905389
3892,ENSG00000135441,453.731399285625
3893,ENSG00000135446,468.29568708351303
3894,ENSG00000135451,126.417812056515
3895,ENSG00000135452,1071.68651263066
3896,ENSG00000135454,1536.5237181013401
3897,ENSG00000135457,240.784507632349
3898,ENSG00000135469,229.24421872348802
3899,ENSG00000135473,260.782714877201
3900,ENSG00000135476,324.961617489994
3901,ENSG00000135482,85.88578923262742
3902,ENSG00000135486,477.51375930904504
3903,ENSG00000135503,226.078418984426
3904,ENSG00000135506,699.8039542928881
3905,ENSG00000135521,216.52562033742802
3906,ENSG00000135525,388.598939039877
3907,ENSG00000135535,406.22622248134905
3908,ENSG00000135541,195.484451803351
3909,ENSG00000135549,433.943601647813
3910,ENSG00000135587,403.32556271523
3911,ENSG00000135596,522.272174392333
3912,ENSG00000135597,368.72600025196704
3913,ENSG00000135605,156.34155895642098
3914,ENSG00000135624,830.950141714062
3915,ENSG00000135632,305.484758910367
3916,ENSG00000135636,282.555930887907
3917,ENSG00000135637,88.93066332731621
3918,ENSG00000135655,288.955905919381
3919,ENSG00000135677,378.036378478268
3920,ENSG00000135679,224.04480535465
3921,ENSG00000135686,1142.41304825045
3922,ENSG00000135698,667.0062821841971
3923,ENSG00000135709,290.540025593007
3924,ENSG00000135720,201.403354541789
3925,ENSG00000135723,258.639230456208
3926,ENSG00000135750,199.414729505919
3927,ENSG00000135763,118.842986177899
3928,ENSG00000135766,434.08973789574304
3929,ENSG00000135775,196.745671846559
3930,ENSG00000135776,623.830542041097
3931,ENSG00000135778,222.537079832234
3932,ENSG00000135801,127.424846275721
3933,ENSG00000135821,563.967104204214
3934,ENSG00000135823,153.63265162526199
3935,ENSG00000135829,117.947387854151
3936,ENSG00000135837,147.236945142591
3937,ENSG00000135838,187.47159797314302
3938,ENSG00000135842,181.45800101777598
3939,ENSG00000135845,198.06488520948398
3940,ENSG00000135870,118.416434217134
3941,ENSG00000135900,146.019863815432
3942,ENSG00000135912,623.410778335429
3943,ENSG00000135913,67.93081559244891
3944,ENSG00000135916,1112.0509368553599
3945,ENSG00000135924,217.210493946932
3946,ENSG00000135926,254.276191975213
3947,ENSG00000135931,220.40420643133598
3948,ENSG00000135932,238.64147964458098
3949,ENSG00000135940,515.128346534077
3950,ENSG00000135945,152.424361636201
3951,ENSG00000135953,365.105222940442
3952,ENSG00000135956,63.995872332048904
3953,ENSG00000135966,203.892122072697
3954,ENSG00000135968,348.96878341055606
3955,ENSG00000135972,634.4303675465931
3956,ENSG00000135974,178.860784833434
3957,ENSG00000135976,232.03723715655602
3958,ENSG00000135999,57.209627898268096
3959,ENSG00000136003,404.21366163686304
3960,ENSG00000136021,423.79889502538805
3961,ENSG00000136044,171.862346648585
3962,ENSG00000136045,468.152655117079
3963,ENSG00000136051,200.650014835722
3964,ENSG00000136052,36.289441236517
3965,ENSG00000136059,666.52695141624
3966,ENSG00000136068,510.787738583179
3967,ENSG00000136100,629.332546813082
3968,ENSG00000136104,848.4393563512
3969,ENSG00000136108,140.848342350549
3970,ENSG00000136111,571.024082673232
3971,ENSG00000136122,214.96362930985802
3972,ENSG00000136141,181.43286898288997
3973,ENSG00000136143,293.25814299767995
3974,ENSG00000136144,317.994390045704
3975,ENSG00000136146,323.959379991123
3976,ENSG00000136147,1466.67207181051
3977,ENSG00000136152,121.67502455081801
3978,ENSG00000136156,620.390339742968
3979,ENSG00000136158,61.7467493196668
3980,ENSG00000136167,748.218493968628
3981,ENSG00000136169,966.119844352556
3982,ENSG00000136231,286.334039226043
3983,ENSG00000136237,131.950073879785
3984,ENSG00000136238,396.885539562472
3985,ENSG00000136240,706.595266195245
3986,ENSG00000136243,235.274163089319
3987,ENSG00000136247,561.663925979907
3988,ENSG00000136261,524.0112673541099
3989,ENSG00000136270,131.88950725048701
3990,ENSG00000136271,220.256098185896
3991,ENSG00000136273,107.731597971386
3992,ENSG00000136279,587.114607414317
3993,ENSG00000136280,337.802637936561
3994,ENSG00000136319,476.909249262632
3995,ENSG00000136371,432.50399638018405
3996,ENSG00000136381,273.12235816878797
3997,ENSG00000136383,50.1718920017503
3998,ENSG00000136404,942.486603167538
3999,ENSG00000136436,774.6147381825771
4000,ENSG00000136444,1191.52174789305
4001,ENSG00000136448,110.714358372299
4002,ENSG00000136450,261.088697210494
4003,ENSG00000136451,144.68056027316499
4004,ENSG00000136463,199.987715410469
4005,ENSG00000136478,225.88123499862004
4006,ENSG00000136485,295.19683943737004
4007,ENSG00000136492,254.061317093922
4008,ENSG00000136504,141.82081820688802
4009,ENSG00000136518,251.38930872487498
4010,ENSG00000136521,1060.66358128655
4011,ENSG00000136522,284.280056826828
4012,ENSG00000136527,184.920099643642
4013,ENSG00000136536,300.285619821352
4014,ENSG00000136542,201.406266242141
4015,ENSG00000136560,232.956696320057
4016,ENSG00000136603,95.07293156234421
4017,ENSG00000136628,1047.40516576652
4018,ENSG00000136631,291.766717346282
4019,ENSG00000136636,636.994954011948
4020,ENSG00000136643,266.815640985213
4021,ENSG00000136682,324.01915844444403
4022,ENSG00000136699,417.139608403902
4023,ENSG00000136709,146.296991509894
4024,ENSG00000136715,140.982950191782
4025,ENSG00000136718,409.536828525597
4026,ENSG00000136731,313.981372112212
4027,ENSG00000136732,972.346052335898
4028,ENSG00000136738,223.005912178584
4029,ENSG00000136754,383.128949764394
4030,ENSG00000136758,343.189339479524
4031,ENSG00000136770,427.18332862916606
4032,ENSG00000136783,1335.20802603585
4033,ENSG00000136802,117.31676125343
4034,ENSG00000136807,132.753166664179
4035,ENSG00000136810,644.015591059827
4036,ENSG00000136811,800.383381158594
4037,ENSG00000136813,337.283915547727
4038,ENSG00000136816,371.630601143205
4039,ENSG00000136819,275.540382742589
4040,ENSG00000136824,363.892101904453
4041,ENSG00000136826,104.63670286569099
4042,ENSG00000136827,162.441058659299
4043,ENSG00000136842,242.740119678204
4044,ENSG00000136854,1176.0304469370801
4045,ENSG00000136861,188.99322706287103
4046,ENSG00000136868,648.559272632569
4047,ENSG00000136870,50.936132465759
4048,ENSG00000136874,663.682302008202
4049,ENSG00000136875,137.149865072041
4050,ENSG00000136877,367.579994156479
4051,ENSG00000136878,180.47530338329
4052,ENSG00000136888,218.948051373054
4053,ENSG00000136891,193.34815424003003
4054,ENSG00000136897,157.269814768468
4055,ENSG00000136908,917.7096935136681
4056,ENSG00000136925,253.133466569225
4057,ENSG00000136929,215.920036641935
4058,ENSG00000136930,574.890495899074
4059,ENSG00000136932,82.2575068573688
4060,ENSG00000136933,754.0810731701579
4061,ENSG00000136935,133.145226632786
4062,ENSG00000136936,414.08329857035005
4063,ENSG00000136937,218.405788092841
4064,ENSG00000136938,711.743295630033
4065,ENSG00000136940,130.43751498983698
4066,ENSG00000136942,558.176418512199
4067,ENSG00000136943,597.650174431692
4068,ENSG00000136950,224.89873361838502
4069,ENSG00000136982,789.7104812430141
4070,ENSG00000136986,325.239210246045
4071,ENSG00000136997,107.87253185678499
4072,ENSG00000137038,1093.3564826549
4073,ENSG00000137054,472.28713201508697
4074,ENSG00000137055,249.980514942756
4075,ENSG00000137070,805.865739901777
4076,ENSG00000137073,120.32967726983802
4077,ENSG00000137075,111.34465292505101
4078,ENSG00000137076,646.022737314588
4079,ENSG00000137100,1238.4862661366699
4080,ENSG00000137106,1252.22975182756
4081,ENSG00000137124,359.23489609922206
4082,ENSG00000137133,823.143300086035
4083,ENSG00000137135,507.175561238247
4084,ENSG00000137145,227.51054718364102
4085,ENSG00000137154,799.980275050234
4086,ENSG00000137161,369.77818678932
4087,ENSG00000137166,327.193227067804
4088,ENSG00000137168,408.811786878889
4089,ENSG00000137171,921.9384586085421
4090,ENSG00000137177,240.124432846667
4091,ENSG00000137185,83.4797800207332
4092,ENSG00000137193,327.644319711216
4093,ENSG00000137198,310.429471120918
4094,ENSG00000137200,596.501225321873
4095,ENSG00000137207,381.287540144614
4096,ENSG00000137210,1137.64884196959
4097,ENSG00000137216,563.116743472419
4098,ENSG00000137218,125.33771090298299
4099,ENSG00000137221,229.721626354045
4100,ENSG00000137266,241.83046557510897
4101,ENSG00000137267,284.469714406446
4102,ENSG00000137275,118.91931580767701
4103,ENSG00000137288,511.875914467332
4104,ENSG00000137309,900.319996801586
4105,ENSG00000137310,3092.53829781237
4106,ENSG00000137312,753.797809186097
4107,ENSG00000137331,57.0310968228666
4108,ENSG00000137337,380.18724209749
4109,ENSG00000137338,170.425822190735
4110,ENSG00000137343,116.959439273298
4111,ENSG00000137364,1147.58127669351
4112,ENSG00000137409,613.700014215073
4113,ENSG00000137411,339.931667853829
4114,ENSG00000137413,182.905060981156
4115,ENSG00000137414,472.60283434947195
4116,ENSG00000137460,44.6440477439441
4117,ENSG00000137478,235.116240520611
4118,ENSG00000137486,566.4883432998761
4119,ENSG00000137491,375.637205749849
4120,ENSG00000137492,281.366563088339
4121,ENSG00000137494,649.657413423807
4122,ENSG00000137496,464.142248475127
4123,ENSG00000137497,278.50140160327004
4124,ENSG00000137500,547.8177923292141
4125,ENSG00000137502,105.519023271708
4126,ENSG00000137504,179.67086699353
4127,ENSG00000137509,1928.76233560786
4128,ENSG00000137513,613.797108359391
4129,ENSG00000137522,206.78202508456297
4130,ENSG00000137547,272.135572392097
4131,ENSG00000137563,1233.22038510837
4132,ENSG00000137574,144.857836469442
4133,ENSG00000137575,474.92381080565696
4134,ENSG00000137601,129.310489009749
4135,ENSG00000137648,604.361491789886
4136,ENSG00000137656,147.53210207382799
4137,ENSG00000137692,564.57065068244
4138,ENSG00000137700,1098.14727299476
4139,ENSG00000137710,447.74343795335
4140,ENSG00000137713,485.886450088285
4141,ENSG00000137714,620.97604567666
4142,ENSG00000137720,615.335287483683
4143,ENSG00000137760,159.648997224317
4144,ENSG00000137764,258.948401338292
4145,ENSG00000137770,129.30797565051202
4146,ENSG00000137776,238.455901433153
4147,ENSG00000137801,47.30728610200279
4148,ENSG00000137802,151.695205976346
4149,ENSG00000137804,186.42429583347402
4150,ENSG00000137807,220.963786262201
4151,ENSG00000137812,281.80448145843997
4152,ENSG00000137814,234.82566532196498
4153,ENSG00000137815,234.191748655527
4154,ENSG00000137817,309.05392708478803
4155,ENSG00000137818,545.812652181716
4156,ENSG00000137822,472.36955521689003
4157,ENSG00000137824,651.599469449552
4158,ENSG00000137834,137.88475641012502
4159,ENSG00000137842,294.039372737243
4160,ENSG00000137845,527.510321266956
4161,ENSG00000137871,190.572032958438
4162,ENSG00000137876,399.435125721202
4163,ENSG00000137878,193.196316048736
4164,ENSG00000137942,182.508946485644
4165,ENSG00000137944,515.341533634901
4166,ENSG00000137947,154.5796322904
4167,ENSG00000137955,149.331416092827
4168,ENSG00000137992,264.584770012879
4169,ENSG00000137996,378.07400409111506
4170,ENSG00000138018,415.996526716559
4171,ENSG00000138029,646.415164620114
4172,ENSG00000138032,377.56135492129096
4173,ENSG00000138035,678.248990174488
4174,ENSG00000138036,1136.4526733759199
4175,ENSG00000138050,284.346608434424
4176,ENSG00000138069,336.53174222348997
4177,ENSG00000138071,1069.3790301135
4178,ENSG00000138073,827.01796694472
4179,ENSG00000138074,510.182531907566
4180,ENSG00000138078,1316.03091569251
4181,ENSG00000138081,236.648026358139
4182,ENSG00000138085,495.08122647235496
4183,ENSG00000138092,140.508014987404
4184,ENSG00000138095,300.37485471284697
4185,ENSG00000138107,394.863799464462
4186,ENSG00000138138,397.078836917908
4187,ENSG00000138160,211.56496533700002
4188,ENSG00000138161,147.052749463883
4189,ENSG00000138166,140.349494083729
4190,ENSG00000138175,635.22161222
4191,ENSG00000138180,384.478958968621
4192,ENSG00000138182,197.523421132768
4193,ENSG00000138185,215.52084679694
4194,ENSG00000138190,261.586129092191
4195,ENSG00000138231,225.734503142314
4196,ENSG00000138246,345.183581735632
4197,ENSG00000138279,409.67790420264504
4198,ENSG00000138303,224.28744934357996
4199,ENSG00000138316,892.715881494113
4200,ENSG00000138326,534.0934218493679
4201,ENSG00000138336,228.88034375313802
4202,ENSG00000138346,217.74489384311798
4203,ENSG00000138363,828.399187444478
4204,ENSG00000138375,637.685506949469
4205,ENSG00000138376,170.42924097777902
4206,ENSG00000138381,155.361787733764
4207,ENSG00000138382,1126.4946039525998
4208,ENSG00000138385,1135.61365627622
4209,ENSG00000138386,376.618165923556
4210,ENSG00000138398,351.51915929692
4211,ENSG00000138399,614.305951991343
4212,ENSG00000138413,486.661920561103
4213,ENSG00000138430,1809.13477991862
4214,ENSG00000138433,293.75653420773
4215,ENSG00000138434,183.086551548679
4216,ENSG00000138439,212.005823450411
4217,ENSG00000138442,637.607103762356
4218,ENSG00000138443,496.604978199524
4219,ENSG00000138448,187.997082665742
4220,ENSG00000138449,166.100287415984
4221,ENSG00000138459,350.235880463835
4222,ENSG00000138468,1535.8692681019
4223,ENSG00000138495,524.8773361409089
4224,ENSG00000138592,168.354440321735
4225,ENSG00000138593,241.064586115135
4226,ENSG00000138594,388.283776940321
4227,ENSG00000138600,337.589525510982
4228,ENSG00000138604,235.350755075042
4229,ENSG00000138606,71.1620254881871
4230,ENSG00000138613,772.220003546899
4231,ENSG00000138614,227.241879721026
4232,ENSG00000138617,559.061975845161
4233,ENSG00000138621,686.764711772094
4234,ENSG00000138623,198.686922135828
4235,ENSG00000138629,1123.98234727409
4236,ENSG00000138640,234.923433443689
4237,ENSG00000138641,463.995431623103
4238,ENSG00000138658,148.403203953335
4239,ENSG00000138660,286.273501746517
4240,ENSG00000138663,455.714075339822
4241,ENSG00000138668,414.282337471059
4242,ENSG00000138674,317.96454723849604
4243,ENSG00000138678,875.157968761756
4244,ENSG00000138688,299.45955671242996
4245,ENSG00000138698,534.961249663392
4246,ENSG00000138709,272.413062637029
4247,ENSG00000138744,254.944316134183
4248,ENSG00000138750,311.559225102293
4249,ENSG00000138756,582.086290386201
4250,ENSG00000138757,383.058563404096
4251,ENSG00000138758,1331.86505621776
4252,ENSG00000138760,335.69489547362497
4253,ENSG00000138764,90.6031137866119
4254,ENSG00000138767,207.851573605874
4255,ENSG00000138768,738.2268183020509
4256,ENSG00000138777,1120.04028536119
4257,ENSG00000138778,217.18173578246999
4258,ENSG00000138780,652.95569744789
4259,ENSG00000138785,344.835060808274
4260,ENSG00000138794,308.475032836396
4261,ENSG00000138795,651.472982646255
4262,ENSG00000138796,3796.3501062689793
4263,ENSG00000138798,274.630333602013
4264,ENSG00000138801,962.088563342234
4265,ENSG00000138802,297.969270701979
4266,ENSG00000138814,347.10950784503194
4267,ENSG00000138821,238.08238969280399
4268,ENSG00000138834,327.432186104441
4269,ENSG00000138867,238.042715186612
4270,ENSG00000138942,175.156030109978
4271,ENSG00000139083,145.41853038934
4272,ENSG00000139112,297.286262861918
4273,ENSG00000139116,326.35738989499197
4274,ENSG00000139117,338.677151576182
4275,ENSG00000139131,173.53258136098
4276,ENSG00000139132,99.136620530842
4277,ENSG00000139133,1174.33040495526
4278,ENSG00000139146,238.43134982797
4279,ENSG00000139154,202.446845802644
4280,ENSG00000139168,1268.40663798945
4281,ENSG00000139178,2185.9878694996105
4282,ENSG00000139180,478.896575267827
4283,ENSG00000139182,850.6515504265269
4284,ENSG00000139190,120.655019831087
4285,ENSG00000139194,1136.5148094167
4286,ENSG00000139197,952.440877816344
4287,ENSG00000139211,919.379314533098
4288,ENSG00000139218,276.955006826348
4289,ENSG00000139233,178.267952977279
4290,ENSG00000139269,183.486193885564
4291,ENSG00000139278,195.99814383175598
4292,ENSG00000139289,69.9798063084752
4293,ENSG00000139291,217.42564638007
4294,ENSG00000139323,2321.20751164073
4295,ENSG00000139324,495.467610025773
4296,ENSG00000139343,402.038956325234
4297,ENSG00000139350,659.792248615845
4298,ENSG00000139354,605.057048023787
4299,ENSG00000139370,187.376142475708
4300,ENSG00000139372,227.67909288909698
4301,ENSG00000139405,161.732284398172
4302,ENSG00000139428,700.378785710742
4303,ENSG00000139436,225.51261603431197
4304,ENSG00000139437,349.340950235066
4305,ENSG00000139438,20.437923749118603
4306,ENSG00000139496,357.301429274096
4307,ENSG00000139505,214.875922084352
4308,ENSG00000139514,306.703221608734
4309,ENSG00000139517,154.139566834562
4310,ENSG00000139546,293.191715006005
4311,ENSG00000139574,70.02887762877711
4312,ENSG00000139579,693.1493516926289
4313,ENSG00000139613,484.835599022226
4314,ENSG00000139618,122.713394573813
4315,ENSG00000139620,55.2867892916314
4316,ENSG00000139624,456.939853580009
4317,ENSG00000139629,441.15026181210897
4318,ENSG00000139636,521.174729459458
4319,ENSG00000139637,76.4237577600708
4320,ENSG00000139641,416.428089283411
4321,ENSG00000139644,339.225120785364
4322,ENSG00000139645,405.19055540985494
4323,ENSG00000139651,115.569792118342
4324,ENSG00000139668,182.134159954199
4325,ENSG00000139684,1374.7916536022599
4326,ENSG00000139687,273.275773312627
4327,ENSG00000139697,190.730483395869
4328,ENSG00000139718,131.288900764162
4329,ENSG00000139719,467.930160354291
4330,ENSG00000139722,129.50378210058997
4331,ENSG00000139725,123.78465270353998
4332,ENSG00000139726,449.022014958989
4333,ENSG00000139734,202.125752130447
4334,ENSG00000139746,248.005803018913
4335,ENSG00000139793,172.38770785477402
4336,ENSG00000139800,52.3483078873105
4337,ENSG00000139842,720.814299931066
4338,ENSG00000139880,581.995505336004
4339,ENSG00000139921,546.588591519666
4340,ENSG00000139946,76.463453020899
4341,ENSG00000139974,108.27879343181
4342,ENSG00000139977,237.877364964198
4343,ENSG00000139990,283.197501564559
4344,ENSG00000140022,110.837068224177
4345,ENSG00000140043,1710.9636940047699
4346,ENSG00000140044,158.901635365744
4347,ENSG00000140105,1303.7429606010498
4348,ENSG00000140153,113.094547832669
4349,ENSG00000140157,449.61118517464104
4350,ENSG00000140199,388.874574446744
4351,ENSG00000140259,116.177300277716
4352,ENSG00000140262,265.981586522977
4353,ENSG00000140263,734.406539528349
4354,ENSG00000140264,330.672159592897
4355,ENSG00000140265,116.67279491128299
4356,ENSG00000140284,777.432707810264
4357,ENSG00000140299,153.437469125451
4358,ENSG00000140307,453.899852930533
4359,ENSG00000140319,337.76300799609197
4360,ENSG00000140320,200.439692952099
4361,ENSG00000140326,380.342715148621
4362,ENSG00000140332,245.054082957807
4363,ENSG00000140350,1200.4447450800599
4364,ENSG00000140365,984.8795231550861
4365,ENSG00000140367,292.605263809841
4366,ENSG00000140374,693.3345384827201
4367,ENSG00000140382,318.123400193135
4368,ENSG00000140391,865.8536957669941
4369,ENSG00000140395,950.954973011828
4370,ENSG00000140396,178.051795037113
4371,ENSG00000140400,621.872302342104
4372,ENSG00000140443,221.06400724314997
4373,ENSG00000140450,79.39036781706079
4374,ENSG00000140451,187.42431652189399
4375,ENSG00000140455,480.623058358209
4376,ENSG00000140463,1219.5349651527001
4377,ENSG00000140464,542.353939510827
4378,ENSG00000140465,54.430075144912394
4379,ENSG00000140471,181.46323975878101
4380,ENSG00000140474,572.155318007595
4381,ENSG00000140479,192.681386240612
4382,ENSG00000140497,291.095436279894
4383,ENSG00000140521,169.375347289899
4384,ENSG00000140525,506.36573977434006
4385,ENSG00000140526,462.891356582428
4386,ENSG00000140534,105.755181755838
4387,ENSG00000140545,1625.2006321713598
4388,ENSG00000140553,558.663048349787
4389,ENSG00000140564,186.054116157073
4390,ENSG00000140575,379.921112252704
4391,ENSG00000140577,251.01345188185903
4392,ENSG00000140598,274.203189421896
4393,ENSG00000140612,795.891772607612
4394,ENSG00000140632,319.674002757053
4395,ENSG00000140688,606.570274334367
4396,ENSG00000140691,70.00714345505071
4397,ENSG00000140694,70.51432300682221
4398,ENSG00000140718,562.2529860912069
4399,ENSG00000140740,801.415854884602
4400,ENSG00000140743,170.098220031035
4401,ENSG00000140750,413.75557192275704
4402,ENSG00000140795,1412.1809208379
4403,ENSG00000140829,267.434900403452
4404,ENSG00000140830,277.424621467943
4405,ENSG00000140848,940.1437503085989
4406,ENSG00000140931,248.138251134874
4407,ENSG00000140941,332.54998006956504
4408,ENSG00000140943,207.67310424073398
4409,ENSG00000140948,169.426587312105
4410,ENSG00000140983,752.2098192144839
4411,ENSG00000140987,123.90903270690201
4412,ENSG00000140988,1510.99906030443
4413,ENSG00000140990,945.5891443920699
4414,ENSG00000140992,147.83732817823602
4415,ENSG00000140993,1467.8972907280702
4416,ENSG00000140995,839.950926090417
4417,ENSG00000141002,185.296639330298
4418,ENSG00000141012,218.834776249152
4419,ENSG00000141013,295.638804442556
4420,ENSG00000141026,61.6379907433691
4421,ENSG00000141027,236.504020192817
4422,ENSG00000141030,272.738098481153
4423,ENSG00000141068,692.4039051812109
4424,ENSG00000141076,233.030555047666
4425,ENSG00000141084,219.34647282018003
4426,ENSG00000141086,99.659830369489
4427,ENSG00000141101,329.40518552422697
4428,ENSG00000141179,1143.16062944726
4429,ENSG00000141198,2021.8123622529101
4430,ENSG00000141219,139.78053334622
4431,ENSG00000141252,51.434107583983895
4432,ENSG00000141279,295.276255192731
4433,ENSG00000141295,711.095523677783
4434,ENSG00000141298,732.240398524197
4435,ENSG00000141349,1073.78208990985
4436,ENSG00000141367,377.917139696203
4437,ENSG00000141378,172.83598529618197
4438,ENSG00000141380,288.290689747217
4439,ENSG00000141384,116.50623214750401
4440,ENSG00000141385,288.295293962337
4441,ENSG00000141391,194.95264489209302
4442,ENSG00000141424,254.000714194235
4443,ENSG00000141425,338.125899615747
4444,ENSG00000141428,152.63537881663402
4445,ENSG00000141429,361.08311065776
4446,ENSG00000141446,151.48671403380501
4447,ENSG00000141448,33.593040071254
4448,ENSG00000141452,145.500614105644
4449,ENSG00000141456,479.906891828299
4450,ENSG00000141480,1823.92609725732
4451,ENSG00000141499,300.917784914558
4452,ENSG00000141503,783.0073636152091
4453,ENSG00000141504,661.58180428205
4454,ENSG00000141510,65.0242396701202
4455,ENSG00000141522,620.970294889014
4456,ENSG00000141524,1042.8086271971301
4457,ENSG00000141543,196.60883013092499
4458,ENSG00000141551,163.42922787833598
4459,ENSG00000141552,594.632860158769
4460,ENSG00000141556,707.726826259907
4461,ENSG00000141560,340.832735059428
4462,ENSG00000141562,348.01890346240896
4463,ENSG00000141564,97.5776550728462
4464,ENSG00000141568,390.437415353948
4465,ENSG00000141569,586.972680155039
4466,ENSG00000141570,91.27200382915251
4467,ENSG00000141577,1142.7645763845599
4468,ENSG00000141580,183.950570173401
4469,ENSG00000141582,149.891382916495
4470,ENSG00000141627,379.949243589339
4471,ENSG00000141644,259.475796077681
4472,ENSG00000141646,188.758412063994
4473,ENSG00000141664,183.810363617767
4474,ENSG00000141698,1936.76029626162
4475,ENSG00000141699,325.684823149508
4476,ENSG00000141736,142.725101070599
4477,ENSG00000141741,1067.1320374355
4478,ENSG00000141744,377.45576977061205
4479,ENSG00000141759,708.9582132754911
4480,ENSG00000141858,164.876268069558
4481,ENSG00000141867,273.784851928159
4482,ENSG00000141873,337.980153751035
4483,ENSG00000141905,184.43305789390598
4484,ENSG00000141934,33.6050463409959
4485,ENSG00000141956,184.812410373499
4486,ENSG00000141959,1002.53209747032
4487,ENSG00000141968,1014.5642259747199
4488,ENSG00000141971,9970.49213276562
4489,ENSG00000141979,75.3442041808417
4490,ENSG00000141985,192.04560040810298
4491,ENSG00000141994,134.52129416582
4492,ENSG00000142002,209.27999000731398
4493,ENSG00000142039,106.901998818737
4494,ENSG00000142082,919.225560868573
4495,ENSG00000142102,2005.8907534129198
4496,ENSG00000142166,551.531993626114
4497,ENSG00000142168,694.646667687903
4498,ENSG00000142186,484.43886297035795
4499,ENSG00000142188,471.61020166823
4500,ENSG00000142197,259.58564500294
4501,ENSG00000142207,194.68202526233398
4502,ENSG00000142208,1282.77437418121
4503,ENSG00000142227,401.38775884232103
4504,ENSG00000142230,523.50208889735
4505,ENSG00000142252,223.847594216013
4506,ENSG00000142327,584.24217386946
4507,ENSG00000142330,723.467591179014
4508,ENSG00000142347,459.820252312085
4509,ENSG00000142396,116.911823089314
4510,ENSG00000142409,219.925121132126
4511,ENSG00000142453,737.160095821267
4512,ENSG00000142507,635.643897233502
4513,ENSG00000142528,128.449565942358
4514,ENSG00000142534,714.630936438513
4515,ENSG00000142539,706.582441422169
4516,ENSG00000142541,782.055034193613
4517,ENSG00000142546,452.236345420831
4518,ENSG00000142556,91.8606531083487
4519,ENSG00000142599,206.43013431491403
4520,ENSG00000142621,323.48532009380904
4521,ENSG00000142634,397.657095135473
4522,ENSG00000142655,465.941991402765
4523,ENSG00000142657,597.195239390834
4524,ENSG00000142669,452.383167117915
4525,ENSG00000142676,635.1379514858701
4526,ENSG00000142684,258.337346675123
4527,ENSG00000142686,112.599000437944
4528,ENSG00000142687,1085.5335923774198
4529,ENSG00000142731,151.622120689727
4530,ENSG00000142751,146.624204839039
4531,ENSG00000142784,609.757542600724
4532,ENSG00000142798,1157.86306026843
4533,ENSG00000142856,1083.1704204143598
4534,ENSG00000142864,573.761458448239
4535,ENSG00000142867,134.237647755833
4536,ENSG00000142871,110.404013757082
4537,ENSG00000142875,352.4099488581
4538,ENSG00000142910,113.45710533038401
4539,ENSG00000142937,1382.8382389749802
4540,ENSG00000142945,270.79060663154
4541,ENSG00000142949,936.085597337378
4542,ENSG00000142961,347.98111378154
4543,ENSG00000143013,142.166551847953
4544,ENSG00000143033,323.319985257521
4545,ENSG00000143093,137.54012008075702
4546,ENSG00000143106,646.287902430831
4547,ENSG00000143107,40.826526739715
4548,ENSG00000143110,100.187047316138
4549,ENSG00000143119,2083.50285352218
4550,ENSG00000143126,994.6527427853641
4551,ENSG00000143149,307.678113119224
4552,ENSG00000143155,622.25321149403
4553,ENSG00000143156,196.465001155877
4554,ENSG00000143157,218.165633050011
4555,ENSG00000143158,899.0950410472869
4556,ENSG00000143162,676.134739978269
4557,ENSG00000143164,161.767045587965
4558,ENSG00000143179,413.873071544821
4559,ENSG00000143183,346.269002203049
4560,ENSG00000143190,218.241721056478
4561,ENSG00000143198,1068.32135819409
4562,ENSG00000143207,245.80061576234698
4563,ENSG00000143222,545.078392253631
4564,ENSG00000143224,678.544954923452
4565,ENSG00000143226,2715.4877305078103
4566,ENSG00000143228,618.307464076415
4567,ENSG00000143248,72.0590992264119
4568,ENSG00000143252,447.37892050150396
4569,ENSG00000143256,428.949201332688
4570,ENSG00000143258,316.886062990006
4571,ENSG00000143294,725.565431211302
4572,ENSG00000143303,337.388292851541
4573,ENSG00000143314,1123.64573839866
4574,ENSG00000143319,136.962823966091
4575,ENSG00000143320,47.075503002493704
4576,ENSG00000143321,410.53136614810603
4577,ENSG00000143322,161.910174229981
4578,ENSG00000143324,546.0628675099321
4579,ENSG00000143337,233.09792492762
4580,ENSG00000143353,371.876436502708
4581,ENSG00000143367,172.07286729996798
4582,ENSG00000143368,204.727995236284
4583,ENSG00000143369,928.769013308519
4584,ENSG00000143373,131.12167209316098
4585,ENSG00000143374,202.817293971956
4586,ENSG00000143376,340.508301340182
4587,ENSG00000143379,172.279524915804
4588,ENSG00000143382,1130.2853907313001
4589,ENSG00000143384,161.634962823319
4590,ENSG00000143387,153.325011641525
4591,ENSG00000143390,371.121996542802
4592,ENSG00000143393,250.378985692196
4593,ENSG00000143398,310.16735080650903
4594,ENSG00000143401,531.201205685614
4595,ENSG00000143416,2029.79154772507
4596,ENSG00000143418,499.863016778384
4597,ENSG00000143420,524.42993725391
4598,ENSG00000143429,610.320409284848
4599,ENSG00000143436,573.7992698038211
4600,ENSG00000143437,586.360561120884
4601,ENSG00000143442,180.08118313211497
4602,ENSG00000143457,264.622439983633
4603,ENSG00000143458,312.730516647131
4604,ENSG00000143476,194.103841259446
4605,ENSG00000143479,238.433201910386
4606,ENSG00000143486,1148.9706960018302
4607,ENSG00000143493,186.249906004828
4608,ENSG00000143498,166.82270026324198
4609,ENSG00000143499,524.5493875579531
4610,ENSG00000143507,77.3096255502485
4611,ENSG00000143514,238.147099795125
4612,ENSG00000143515,440.793850134116
4613,ENSG00000143537,2261.74212712316
4614,ENSG00000143543,636.10076232947
4615,ENSG00000143545,1460.5647601666199
4616,ENSG00000143549,585.792746343814
4617,ENSG00000143553,240.394753972856
4618,ENSG00000143554,60.8876570505293
4619,ENSG00000143569,273.729149448915
4620,ENSG00000143570,437.806144846957
4621,ENSG00000143575,1157.58239400607
4622,ENSG00000143578,495.128120846007
4623,ENSG00000143590,212.913591357398
4624,ENSG00000143595,225.206646148544
4625,ENSG00000143612,414.66922110701205
4626,ENSG00000143614,215.66387103934397
4627,ENSG00000143621,443.172113247657
4628,ENSG00000143622,207.240142274436
4629,ENSG00000143624,469.913000224248
4630,ENSG00000143627,2390.24348805675
4631,ENSG00000143632,64.0949279855662
4632,ENSG00000143633,211.466977001844
4633,ENSG00000143641,546.240069288222
4634,ENSG00000143653,1206.02845128125
4635,ENSG00000143702,449.19416428656194
4636,ENSG00000143727,588.223682032164
4637,ENSG00000143740,316.60435944227004
4638,ENSG00000143742,641.547729676532
4639,ENSG00000143748,167.850297543372
4640,ENSG00000143751,94.2540573873904
4641,ENSG00000143753,251.861846535343
4642,ENSG00000143756,111.070245650558
4643,ENSG00000143761,424.952138714123
4644,ENSG00000143771,949.148993909857
4645,ENSG00000143774,1346.31369440362
4646,ENSG00000143776,268.630518134359
4647,ENSG00000143793,419.566017144868
4648,ENSG00000143799,762.063325492973
4649,ENSG00000143801,396.197167775184
4650,ENSG00000143811,825.2636983672149
4651,ENSG00000143815,547.805274458385
4652,ENSG00000143819,287.54512967500705
4653,ENSG00000143842,348.71558973297203
4654,ENSG00000143850,89.0531484617674
4655,ENSG00000143851,404.84395337362196
4656,ENSG00000143862,229.634353032234
4657,ENSG00000143870,1207.5955860777801
4658,ENSG00000143889,168.408559744266
4659,ENSG00000143891,716.0532073800639
4660,ENSG00000143919,1189.76254408802
4661,ENSG00000143924,386.395437109992
4662,ENSG00000143933,314.00975542582995
4663,ENSG00000143942,278.604357835815
4664,ENSG00000143947,649.5375224324109
4665,ENSG00000143951,716.1602921312531
4666,ENSG00000143952,465.930777785871
4667,ENSG00000143970,148.383066988918
4668,ENSG00000143971,173.14411993598802
4669,ENSG00000143977,248.69329030266002
4670,ENSG00000144021,506.024731248386
4671,ENSG00000144028,403.24879325289595
4672,ENSG00000144029,390.201813775487
4673,ENSG00000144034,664.828347017333
4674,ENSG00000144040,129.494291815379
4675,ENSG00000144043,239.68617247933602
4676,ENSG00000144048,208.05756588750302
4677,ENSG00000144118,547.5308572471309
4678,ENSG00000144134,365.643669822103
4679,ENSG00000144136,313.821815117599
4680,ENSG00000144161,418.384944719955
4681,ENSG00000144182,138.998467113776
4682,ENSG00000144199,3996.80354319859
4683,ENSG00000144214,85.50115179501171
4684,ENSG00000144224,274.548524962142
4685,ENSG00000144228,118.20528908571801
4686,ENSG00000144231,180.876337116494
4687,ENSG00000144233,127.89316086797899
4688,ENSG00000144283,733.4649197662019
4689,ENSG00000144306,788.552195186697
4690,ENSG00000144320,657.265577115025
4691,ENSG00000144354,380.038947520974
4692,ENSG00000144357,82.1213017702632
4693,ENSG00000144362,386.154998532499
4694,ENSG00000144366,170.038913511356
4695,ENSG00000144381,1026.30780151538
4696,ENSG00000144395,262.419765356762
4697,ENSG00000144401,501.905415831952
4698,ENSG00000144407,433.220479133196
4699,ENSG00000144426,224.192983920784
4700,ENSG00000144455,111.508076967433
4701,ENSG00000144468,386.143008582104
4702,ENSG00000144485,1195.0512013473199
4703,ENSG00000144504,90.24376514066459
4704,ENSG00000144524,444.178313086169
4705,ENSG00000144554,257.54282080746003
4706,ENSG00000144559,146.85424003171602
4707,ENSG00000144566,181.39479061184397
4708,ENSG00000144567,244.808287905787
4709,ENSG00000144579,116.01838679785
4710,ENSG00000144580,295.899795944433
4711,ENSG00000144589,576.799402252415
4712,ENSG00000144591,1295.4721103864501
4713,ENSG00000144597,93.5206771464364
4714,ENSG00000144635,365.226299010131
4715,ENSG00000144655,57.655020261016595
4716,ENSG00000144659,294.032312453633
4717,ENSG00000144668,23.152759351216996
4718,ENSG00000144674,211.09620422650698
4719,ENSG00000144711,347.47573638732496
4720,ENSG00000144712,548.320702310752
4721,ENSG00000144713,734.32379699856
4722,ENSG00000144736,248.61464320834702
4723,ENSG00000144741,222.76421933394698
4724,ENSG00000144744,594.574521615683
4725,ENSG00000144747,318.855704979664
4726,ENSG00000144785,371.352687477375
4727,ENSG00000144791,291.002277681264
4728,ENSG00000144802,52.95181524621739
4729,ENSG00000144821,40.9038944552646
4730,ENSG00000144840,308.435991866273
4731,ENSG00000144848,497.917378867939
4732,ENSG00000144867,525.761919260143
4733,ENSG00000144895,528.745117809598
4734,ENSG00000144909,156.64866524114902
4735,ENSG00000145014,158.192274786225
4736,ENSG00000145016,472.692273844833
4737,ENSG00000145022,194.153170001384
4738,ENSG00000145041,109.873889559769
4739,ENSG00000145050,453.668962873768
4740,ENSG00000145107,263.946417821428
4741,ENSG00000145113,827.970151636369
4742,ENSG00000145191,343.578684514354
4743,ENSG00000145194,195.74545916638598
4744,ENSG00000145214,435.61816663923105
4745,ENSG00000145216,405.778113488934
4746,ENSG00000145220,461.87766569003196
4747,ENSG00000145241,163.353217962161
4748,ENSG00000145244,88.6065000290198
4749,ENSG00000145248,207.879693004353
4750,ENSG00000145293,470.88184635615096
4751,ENSG00000145332,645.4782382723371
4752,ENSG00000145337,232.45254535622996
4753,ENSG00000145348,257.34855646303396
4754,ENSG00000145354,399.208168005353
4755,ENSG00000145375,221.635533709623
4756,ENSG00000145386,242.11494667054902
4757,ENSG00000145388,189.43165483309602
4758,ENSG00000145390,163.69061245206302
4759,ENSG00000145391,346.091123317612
4760,ENSG00000145414,389.007356189101
4761,ENSG00000145425,1023.68779824375
4762,ENSG00000145431,590.284365781594
4763,ENSG00000145439,796.524161647596
4764,ENSG00000145476,462.44158928859497
4765,ENSG00000145491,32.586553137154304
4766,ENSG00000145494,552.439512205445
4767,ENSG00000145495,347.53822909828904
4768,ENSG00000145545,244.105727222527
4769,ENSG00000145592,647.589818545688
4770,ENSG00000145604,625.496259304413
4771,ENSG00000145632,118.465840083973
4772,ENSG00000145675,149.273335051136
4773,ENSG00000145703,485.579986255662
4774,ENSG00000145715,364.414530931918
4775,ENSG00000145734,164.888585333404
4776,ENSG00000145740,364.158299172871
4777,ENSG00000145741,670.554267259443
4778,ENSG00000145779,193.768929590011
4779,ENSG00000145780,188.239852057295
4780,ENSG00000145781,253.210228468102
4781,ENSG00000145782,335.639872455124
4782,ENSG00000145817,129.768453277435
4783,ENSG00000145833,247.42928591204898
4784,ENSG00000145860,200.641268835108
4785,ENSG00000145868,57.889734769590305
4786,ENSG00000145882,11843.0367429709
4787,ENSG00000145901,273.26743104137404
4788,ENSG00000145907,243.251669504496
4789,ENSG00000145911,102.156480517344
4790,ENSG00000145912,760.239341377989
4791,ENSG00000145916,487.71547688839996
4792,ENSG00000145919,162.55637140333099
4793,ENSG00000145979,476.83014883767305
4794,ENSG00000145996,115.612178090131
4795,ENSG00000146007,261.464832705759
4796,ENSG00000146063,490.812643742648
4797,ENSG00000146066,869.5424747361369
4798,ENSG00000146067,186.214438989383
4799,ENSG00000146072,382.82454646736704
4800,ENSG00000146083,415.78720555413696
4801,ENSG00000146085,574.575175903973
4802,ENSG00000146094,413.023107516057
4803,ENSG00000146109,245.31676722647498
4804,ENSG00000146112,303.609241650783
4805,ENSG00000146143,242.054553535365
4806,ENSG00000146223,283.834579083445
4807,ENSG00000146232,198.759192724707
4808,ENSG00000146247,247.785474677041
4809,ENSG00000146263,200.878926652114
4810,ENSG00000146282,357.131965619883
4811,ENSG00000146376,971.927949155103
4812,ENSG00000146409,1531.7109382655701
4813,ENSG00000146410,243.60981704838298
4814,ENSG00000146411,73.6747799251971
4815,ENSG00000146414,222.059777527076
4816,ENSG00000146425,403.13323485756104
4817,ENSG00000146433,474.41349393702797
4818,ENSG00000146457,176.82475851077203
4819,ENSG00000146463,360.247352138584
4820,ENSG00000146476,309.175364124781
4821,ENSG00000146530,565.704830390889
4822,ENSG00000146535,604.960627198687
4823,ENSG00000146540,241.94990979272097
4824,ENSG00000146556,103.612073957028
4825,ENSG00000146574,481.11446917823304
4826,ENSG00000146576,187.970811263811
4827,ENSG00000146587,125.29864449115401
4828,ENSG00000146670,233.50736620673302
4829,ENSG00000146701,1037.19646321381
4830,ENSG00000146707,103.063362802152
4831,ENSG00000146729,680.7757996567669
4832,ENSG00000146731,520.587893492717
4833,ENSG00000146733,431.29332265941
4834,ENSG00000146757,119.04762706843901
4835,ENSG00000146802,932.830279658528
4836,ENSG00000146826,136.284359483046
4837,ENSG00000146830,184.27483650515
4838,ENSG00000146833,82.3817012390795
4839,ENSG00000146834,69.4460955833523
4840,ENSG00000146842,411.224076440094
4841,ENSG00000146856,293.194157831752
4842,ENSG00000146858,404.80751297350196
4843,ENSG00000146872,110.583559332979
4844,ENSG00000146909,206.782826189952
4845,ENSG00000146918,337.04047789116004
4846,ENSG00000146963,210.78509109944198
4847,ENSG00000147050,145.38505598037202
4848,ENSG00000147065,964.8230663398031
4849,ENSG00000147099,362.310130952191
4850,ENSG00000147118,156.276420123457
4851,ENSG00000147123,526.9702830048291
4852,ENSG00000147124,119.73447899868201
4853,ENSG00000147130,453.122241905838
4854,ENSG00000147140,792.7006238258169
4855,ENSG00000147155,1178.97972209737
4856,ENSG00000147162,448.618489164348
4857,ENSG00000147164,408.473879518462
4858,ENSG00000147166,54.821428007604
4859,ENSG00000147168,2917.55238268299
4860,ENSG00000147174,129.12348153998698
4861,ENSG00000147224,738.2128006776801
4862,ENSG00000147251,416.038182430677
4863,ENSG00000147274,403.978461391349
4864,ENSG00000147316,90.87504082240031
4865,ENSG00000147324,318.033804340452
4866,ENSG00000147364,259.05330893293
4867,ENSG00000147383,315.38566578674704
4868,ENSG00000147403,715.841478016048
4869,ENSG00000147416,300.835578120227
4870,ENSG00000147419,353.593480853246
4871,ENSG00000147437,38.528186478669205
4872,ENSG00000147439,147.13147439560498
4873,ENSG00000147454,797.386664419673
4874,ENSG00000147457,225.54523680828203
4875,ENSG00000147465,1675.1391660874099
4876,ENSG00000147471,388.78258084271204
4877,ENSG00000147475,758.8897257275099
4878,ENSG00000147526,287.907519989981
4879,ENSG00000147533,391.126357511819
4880,ENSG00000147536,163.4601251952
4881,ENSG00000147586,276.39132020457
4882,ENSG00000147592,544.900664294074
4883,ENSG00000147601,543.2894937932521
4884,ENSG00000147604,817.277112377521
4885,ENSG00000147647,26.8131702710689
4886,ENSG00000147649,481.231242886856
4887,ENSG00000147650,212.803953433122
4888,ENSG00000147654,545.626672711866
4889,ENSG00000147669,468.700651217531
4890,ENSG00000147677,1141.68482198372
4891,ENSG00000147679,132.555925347398
4892,ENSG00000147684,369.415522945169
4893,ENSG00000147689,881.6196256474651
4894,ENSG00000147789,143.825510490119
4895,ENSG00000147804,956.389104721144
4896,ENSG00000147813,2911.28241927453
4897,ENSG00000147854,186.853862527515
4898,ENSG00000147872,190.534223909915
4899,ENSG00000147874,227.573904036348
4900,ENSG00000147894,316.773420178187
4901,ENSG00000147905,402.875735414208
4902,ENSG00000147912,130.425223666151
4903,ENSG00000148019,1220.32261857748
4904,ENSG00000148090,246.63781743747
4905,ENSG00000148110,477.8277570032
4906,ENSG00000148153,156.072611003423
4907,ENSG00000148154,282.686789158758
4908,ENSG00000148158,66.1795690223119
4909,ENSG00000148175,473.1017126485
4910,ENSG00000148187,132.352252898614
4911,ENSG00000148200,148.526043165823
4912,ENSG00000148218,429.281791710804
4913,ENSG00000148229,135.29342399779898
4914,ENSG00000148248,488.142908885835
4915,ENSG00000148288,1240.44957821861
4916,ENSG00000148290,932.183904545582
4917,ENSG00000148291,401.75319812043404
4918,ENSG00000148296,268.231441027015
4919,ENSG00000148297,254.297763396092
4920,ENSG00000148300,246.597157296688
4921,ENSG00000148303,1104.3535682838099
4922,ENSG00000148308,362.10635358491203
4923,ENSG00000148331,235.46870641200297
4924,ENSG00000148334,427.14220676094396
4925,ENSG00000148335,496.367618018957
4926,ENSG00000148337,719.265519388204
4927,ENSG00000148339,74.2008463356201
4928,ENSG00000148341,2145.49622536814
4929,ENSG00000148343,194.90368336794498
4930,ENSG00000148356,475.258751341079
4931,ENSG00000148358,312.887729565288
4932,ENSG00000148362,1601.8431699886098
4933,ENSG00000148384,504.45922015573797
4934,ENSG00000148396,252.12652499104598
4935,ENSG00000148399,327.813910654414
4936,ENSG00000148429,176.23545498806598
4937,ENSG00000148444,708.1767866674851
4938,ENSG00000148459,98.0437410224741
4939,ENSG00000148468,365.02326981046303
4940,ENSG00000148481,392.46365296592904
4941,ENSG00000148483,45.3431010465981
4942,ENSG00000148484,254.490086523098
4943,ENSG00000148498,291.675895747881
4944,ENSG00000148516,161.759237410272
4945,ENSG00000148572,119.22191773195601
4946,ENSG00000148606,168.77372308681998
4947,ENSG00000148634,343.156269307161
4948,ENSG00000148660,330.819024541127
4949,ENSG00000148672,1188.5719467011302
4950,ENSG00000148688,375.94811880338204
4951,ENSG00000148690,1623.74574267729
4952,ENSG00000148700,908.500015426921
4953,ENSG00000148719,121.079481312551
4954,ENSG00000148730,296.798659359452
4955,ENSG00000148737,103.33518363876301
4956,ENSG00000148773,238.180115976261
4957,ENSG00000148803,4444.214245409289
4958,ENSG00000148824,886.0045532325149
4959,ENSG00000148834,896.6585399988941
4960,ENSG00000148835,219.73788690665
4961,ENSG00000148840,189.28225779656898
4962,ENSG00000148842,120.419503871693
4963,ENSG00000148843,270.235216950768
4964,ENSG00000148908,1072.52110260113
4965,ENSG00000148943,258.641737063279
4966,ENSG00000148950,182.701079688629
4967,ENSG00000149016,315.668017042911
4968,ENSG00000149054,367.391410050128
4969,ENSG00000149084,776.4146581333639
4970,ENSG00000149089,861.491358301566
4971,ENSG00000149091,481.20195302541396
4972,ENSG00000149100,921.233588942896
4973,ENSG00000149115,337.704103924976
4974,ENSG00000149136,655.5736645538369
4975,ENSG00000149150,866.761745122886
4976,ENSG00000149177,183.426762052028
4977,ENSG00000149179,329.151446967016
4978,ENSG00000149182,394.599514661683
4979,ENSG00000149187,225.990320068873
4980,ENSG00000149196,1363.6676949456698
4981,ENSG00000149231,386.68023652795097
4982,ENSG00000149257,921.933373139508
4983,ENSG00000149262,194.956258324612
4984,ENSG00000149269,827.3109244919859
4985,ENSG00000149273,779.556180509323
4986,ENSG00000149289,164.785309721716
4987,ENSG00000149292,231.90038773131099
4988,ENSG00000149308,154.113551818106
4989,ENSG00000149311,172.238134207417
4990,ENSG00000149313,366.91732430030504
4991,ENSG00000149346,271.46275041933103
4992,ENSG00000149357,303.547061080018
4993,ENSG00000149428,543.42394840945
4994,ENSG00000149474,121.241611982043
4995,ENSG00000149476,7807.2925437596205
4996,ENSG00000149480,345.427731336084
4997,ENSG00000149485,1445.12528460229
4998,ENSG00000149499,915.178829673534
4999,ENSG00000149503,185.80964602630002
5000,ENSG00000149516,3078.21433381493
5001,ENSG00000149531,248.249194302701
5002,ENSG00000149532,203.019817950789
5003,ENSG00000149541,866.4740425479989
5004,ENSG00000149547,600.002391328607
5005,ENSG00000149554,335.231392351049
5006,ENSG00000149577,204.383443563077
5007,ENSG00000149582,209.016415389403
5008,ENSG00000149591,35.205760218200105
5009,ENSG00000149600,519.084913318623
5010,ENSG00000149636,564.080780540472
5011,ENSG00000149657,238.026515655801
5012,ENSG00000149658,122.668064324802
5013,ENSG00000149716,53.319530746809995
5014,ENSG00000149743,1454.2832999975399
5015,ENSG00000149761,811.575635005992
5016,ENSG00000149781,169.25630334757201
5017,ENSG00000149782,716.305769408136
5018,ENSG00000149792,308.545788815205
5019,ENSG00000149798,49.310769073649205
5020,ENSG00000149806,620.244987083378
5021,ENSG00000149809,421.805604819919
5022,ENSG00000149823,621.539118642426
5023,ENSG00000149923,375.545960770359
5024,ENSG00000149925,610.965043619727
5025,ENSG00000149929,374.46041391869596
5026,ENSG00000149930,191.28674594314398
5027,ENSG00000149932,644.1147813049611
5028,ENSG00000150093,801.096155717582
5029,ENSG00000150316,225.384157608783
5030,ENSG00000150347,118.32217144163201
5031,ENSG00000150403,341.47715419511
5032,ENSG00000150455,157.305495168711
5033,ENSG00000150459,194.87248328409
5034,ENSG00000150593,697.9716400094051
5035,ENSG00000150637,39.3645467037732
5036,ENSG00000150712,215.19878322724202
5037,ENSG00000150753,678.940255171833
5038,ENSG00000150756,630.675131182649
5039,ENSG00000150768,384.48497465266405
5040,ENSG00000150776,195.20435072389
5041,ENSG00000150779,226.16767301650398
5042,ENSG00000150787,217.45346253989499
5043,ENSG00000150867,255.363167055237
5044,ENSG00000150907,108.87170580116998
5045,ENSG00000150938,239.061431929086
5046,ENSG00000150961,132.645189187124
5047,ENSG00000150990,193.25911099866298
5048,ENSG00000150991,254.63356662530103
5049,ENSG00000150995,50.5755265105106
5050,ENSG00000151012,153.487466546876
5051,ENSG00000151014,153.213357243855
5052,ENSG00000151025,394.488396267876
5053,ENSG00000151090,222.269638971259
5054,ENSG00000151092,864.597019918031
5055,ENSG00000151093,179.06639639015899
5056,ENSG00000151116,230.056320706787
5057,ENSG00000151117,55.3470465481587
5058,ENSG00000151131,204.525606628042
5059,ENSG00000151135,433.16504558140605
5060,ENSG00000151148,248.687410629716
5061,ENSG00000151151,104.63932775581699
5062,ENSG00000151176,1028.0290470636699
5063,ENSG00000151208,236.15083128917098
5064,ENSG00000151233,188.90144354484403
5065,ENSG00000151239,104.749475418787
5066,ENSG00000151247,402.38955222653703
5067,ENSG00000151287,268.96287800057803
5068,ENSG00000151292,274.191984939272
5069,ENSG00000151303,683.1860833925
5070,ENSG00000151304,140.637234872254
5071,ENSG00000151327,288.839678139704
5072,ENSG00000151332,303.876612874486
5073,ENSG00000151338,238.857301326367
5074,ENSG00000151348,608.9051834485949
5075,ENSG00000151353,245.67636082171398
5076,ENSG00000151366,489.380151201934
5077,ENSG00000151413,167.959408324746
5078,ENSG00000151414,355.427884467799
5079,ENSG00000151445,309.225006216636
5080,ENSG00000151458,106.10286352177299
5081,ENSG00000151461,165.530814449925
5082,ENSG00000151465,537.5880179539901
5083,ENSG00000151466,307.763851784445
5084,ENSG00000151470,1753.08601938648
5085,ENSG00000151474,261.323128719356
5086,ENSG00000151498,356.475681437096
5087,ENSG00000151500,712.9270393625239
5088,ENSG00000151502,907.9459507798281
5089,ENSG00000151503,298.823911693927
5090,ENSG00000151532,58.8665781725844
5091,ENSG00000151552,415.872534084174
5092,ENSG00000151553,348.77540680040704
5093,ENSG00000151576,294.584656942302
5094,ENSG00000151612,77.96005723753291
5095,ENSG00000151632,500.908650203554
5096,ENSG00000151651,442.54473356067297
5097,ENSG00000151657,76.39743846431129
5098,ENSG00000151665,6725.778656459971
5099,ENSG00000151687,177.08648724039298
5100,ENSG00000151689,448.398407184882
5101,ENSG00000151690,262.683748110284
5102,ENSG00000151692,388.667740259469
5103,ENSG00000151694,196.45078166440499
5104,ENSG00000151718,311.83977280518997
5105,ENSG00000151725,303.888498311178
5106,ENSG00000151726,367.38578115966004
5107,ENSG00000151746,424.83830695030196
5108,ENSG00000151748,221.896659431603
5109,ENSG00000151779,265.80311231475497
5110,ENSG00000151806,277.54931302508203
5111,ENSG00000151849,282.424877633233
5112,ENSG00000151876,411.270330398573
5113,ENSG00000151881,200.4267560568
5114,ENSG00000151893,215.58588147290698
5115,ENSG00000151914,194.32701588920798
5116,ENSG00000151923,610.055059319134
5117,ENSG00000151929,231.90840303209498
5118,ENSG00000152061,470.46399103010003
5119,ENSG00000152078,446.142568941665
5120,ENSG00000152082,1558.46515095539
5121,ENSG00000152102,187.462220512227
5122,ENSG00000152117,149.056502852525
5123,ENSG00000152127,148.947671673471
5124,ENSG00000152133,257.789007272115
5125,ENSG00000152147,471.31979728804606
5126,ENSG00000152193,118.82348538527599
5127,ENSG00000152219,131.541948001821
5128,ENSG00000152223,148.19125343076098
5129,ENSG00000152229,565.2576726113581
5130,ENSG00000152234,797.559000355558
5131,ENSG00000152240,807.205284686626
5132,ENSG00000152242,113.66323066595301
5133,ENSG00000152253,426.56174687343804
5134,ENSG00000152256,403.48153586615194
5135,ENSG00000152270,132.576123294751
5136,ENSG00000152291,176.380574464207
5137,ENSG00000152332,180.494145070988
5138,ENSG00000152348,465.401287051085
5139,ENSG00000152359,170.591985261526
5140,ENSG00000152380,44.5288932628358
5141,ENSG00000152382,195.479193021974
5142,ENSG00000152404,156.285158018004
5143,ENSG00000152409,228.15106267469102
5144,ENSG00000152413,171.216691863788
5145,ENSG00000152422,252.543590236588
5146,ENSG00000152433,45.975305512464104
5147,ENSG00000152443,46.5091679357041
5148,ENSG00000152454,74.899789889125
5149,ENSG00000152455,212.32169042836102
5150,ENSG00000152464,106.33148672841801
5151,ENSG00000152465,661.50533111707
5152,ENSG00000152484,182.769201886541
5153,ENSG00000152492,682.505995058218
5154,ENSG00000152518,76.00527641489501
5155,ENSG00000152520,256.660580689174
5156,ENSG00000152527,350.38811636888
5157,ENSG00000152556,1989.4613634181399
5158,ENSG00000152558,1420.60038039406
5159,ENSG00000152601,674.730569936902
5160,ENSG00000152620,767.210391381877
5161,ENSG00000152683,361.938630383407
5162,ENSG00000152684,85.6693207189425
5163,ENSG00000152700,224.483169295401
5164,ENSG00000152795,219.187856655989
5165,ENSG00000152804,167.506366381007
5166,ENSG00000152926,195.864862027755
5167,ENSG00000152936,782.138180646003
5168,ENSG00000152944,135.179651712235
5169,ENSG00000152952,559.9072497664071
5170,ENSG00000152990,726.8144649259759
5171,ENSG00000153006,192.994739837605
5172,ENSG00000153015,356.38088852248103
5173,ENSG00000153029,630.188534498156
5174,ENSG00000153037,341.99754523647897
5175,ENSG00000153044,615.546997079198
5176,ENSG00000153046,213.411641847182
5177,ENSG00000153048,285.53366134305304
5178,ENSG00000153066,119.830472208123
5179,ENSG00000153071,395.692494642768
5180,ENSG00000153094,144.705169153369
5181,ENSG00000153107,263.150225406382
5182,ENSG00000153113,915.134147792509
5183,ENSG00000153130,1465.72842636245
5184,ENSG00000153140,321.715544305395
5185,ENSG00000153147,379.929835907872
5186,ENSG00000153157,215.071339961281
5187,ENSG00000153179,393.44221811751
5188,ENSG00000153187,469.746323772031
5189,ENSG00000153201,284.06651615757903
5190,ENSG00000153207,211.60908119646498
5191,ENSG00000153214,169.620225917533
5192,ENSG00000153234,138.438028464027
5193,ENSG00000153310,379.99082480583
5194,ENSG00000153317,276.999935659149
5195,ENSG00000153339,211.152437814963
5196,ENSG00000153363,245.750273783778
5197,ENSG00000153391,208.52777709435298
5198,ENSG00000153395,722.770354253458
5199,ENSG00000153406,2022.4102158636
5200,ENSG00000153443,215.25807636395902
5201,ENSG00000153531,298.270442506469
5202,ENSG00000153560,201.855550061913
5203,ENSG00000153561,306.627120660643
5204,ENSG00000153574,493.644078647303
5205,ENSG00000153767,80.3246079912418
5206,ENSG00000153774,813.302875243428
5207,ENSG00000153786,242.67753409784
5208,ENSG00000153815,281.259821724697
5209,ENSG00000153827,259.84008477747
5210,ENSG00000153879,217.1553606057
5211,ENSG00000153914,296.916096631232
5212,ENSG00000153922,214.930284988044
5213,ENSG00000153936,342.081470754259
5214,ENSG00000153975,212.14467498700802
5215,ENSG00000153976,360.34222615463096
5216,ENSG00000153989,441.577062997916
5217,ENSG00000154001,411.713744853351
5218,ENSG00000154059,472.418023210991
5219,ENSG00000154079,190.667332109378
5220,ENSG00000154114,169.667224263927
5221,ENSG00000154122,444.73863702322
5222,ENSG00000154124,259.021990904393
5223,ENSG00000154144,348.422740200979
5224,ENSG00000154174,387.68803679802
5225,ENSG00000154188,234.235148798179
5226,ENSG00000154222,153.218022533779
5227,ENSG00000154229,209.07767334549303
5228,ENSG00000154269,249.98829476330502
5229,ENSG00000154305,204.35387938950802
5230,ENSG00000154310,208.348766251147
5231,ENSG00000154316,62.6503245988125
5232,ENSG00000154328,492.585132173408
5233,ENSG00000154370,143.174672080052
5234,ENSG00000154447,63.7328849375443
5235,ENSG00000154473,270.772775395777
5236,ENSG00000154518,532.887749457054
5237,ENSG00000154582,328.36673580505
5238,ENSG00000154640,383.78245122066704
5239,ENSG00000154642,64.9203179303054
5240,ENSG00000154710,139.569820432892
5241,ENSG00000154719,365.291945235773
5242,ENSG00000154723,411.490724226473
5243,ENSG00000154727,233.229801117448
5244,ENSG00000154743,238.05169151513303
5245,ENSG00000154767,298.86928623765596
5246,ENSG00000154781,78.4854581299941
5247,ENSG00000154803,149.10572572769
5248,ENSG00000154813,353.347196150109
5249,ENSG00000154814,385.585000161402
5250,ENSG00000154822,173.24439240373002
5251,ENSG00000154832,268.317767898164
5252,ENSG00000154839,379.771982797408
5253,ENSG00000154845,283.50662777543204
5254,ENSG00000154920,649.433900302483
5255,ENSG00000154945,183.171853187561
5256,ENSG00000154978,919.5065413157599
5257,ENSG00000155008,543.572522834087
5258,ENSG00000155034,209.74075174137403
5259,ENSG00000155090,38.9528078515824
5260,ENSG00000155096,243.22114037653301
5261,ENSG00000155097,364.98755885931
5262,ENSG00000155100,353.959303864567
5263,ENSG00000155115,467.52233899141197
5264,ENSG00000155189,653.584867279067
5265,ENSG00000155229,241.136448390572
5266,ENSG00000155252,189.279159477269
5267,ENSG00000155256,285.825200993848
5268,ENSG00000155275,46.3858059465661
5269,ENSG00000155304,181.145473758578
5270,ENSG00000155307,614.207924375467
5271,ENSG00000155313,380.43898283684405
5272,ENSG00000155329,264.001610477111
5273,ENSG00000155330,170.586265541673
5274,ENSG00000155363,846.4220263769679
5275,ENSG00000155366,609.751967937665
5276,ENSG00000155368,247.716160372612
5277,ENSG00000155380,515.6665064640171
5278,ENSG00000155393,254.399906079033
5279,ENSG00000155438,327.360351672003
5280,ENSG00000155463,732.8463021330921
5281,ENSG00000155495,406.201314005117
5282,ENSG00000155506,249.465653133281
5283,ENSG00000155508,298.950788554549
5284,ENSG00000155545,134.67604710451
5285,ENSG00000155561,345.901152072012
5286,ENSG00000155592,55.898487711270704
5287,ENSG00000155621,240.559779820743
5288,ENSG00000155636,226.92770851993401
5289,ENSG00000155660,849.611362782715
5290,ENSG00000155744,235.178955353712
5291,ENSG00000155749,118.483710500067
5292,ENSG00000155755,1259.30371609572
5293,ENSG00000155827,365.564440048985
5294,ENSG00000155846,205.483197059831
5295,ENSG00000155850,644.883947100473
5296,ENSG00000155858,259.294054446477
5297,ENSG00000155903,225.507377534455
5298,ENSG00000155906,211.584164695732
5299,ENSG00000155957,1170.86082489529
5300,ENSG00000155959,937.049563165657
5301,ENSG00000155962,1525.45875714858
5302,ENSG00000155975,221.72250406644199
5303,ENSG00000155980,351.14487463086306
5304,ENSG00000156017,340.444181571967
5305,ENSG00000156026,278.517717356116
5306,ENSG00000156030,138.15736833000298
5307,ENSG00000156042,75.1155740866059
5308,ENSG00000156050,54.75074081507879
5309,ENSG00000156052,213.86220140301103
5310,ENSG00000156110,277.85758526627603
5311,ENSG00000156136,274.698719652573
5312,ENSG00000156140,321.234782895126
5313,ENSG00000156162,310.008833452726
5314,ENSG00000156170,382.764013793605
5315,ENSG00000156171,734.1781111303391
5316,ENSG00000156232,85.3205743138188
5317,ENSG00000156239,174.83361354388
5318,ENSG00000156256,283.198491405352
5319,ENSG00000156261,803.5639237579429
5320,ENSG00000156269,363.863944792221
5321,ENSG00000156273,57.12568777674271
5322,ENSG00000156304,112.022584838757
5323,ENSG00000156374,161.456224729478
5324,ENSG00000156381,795.650645403604
5325,ENSG00000156384,709.4444638939059
5326,ENSG00000156398,858.987200233513
5327,ENSG00000156411,549.254829253338
5328,ENSG00000156427,42.1636200198449
5329,ENSG00000156467,552.783857286547
5330,ENSG00000156469,642.068730505322
5331,ENSG00000156471,450.202727429041
5332,ENSG00000156482,911.6656131962919
5333,ENSG00000156502,325.99732677559103
5334,ENSG00000156504,506.345673166369
5335,ENSG00000156508,1091.98458881408
5336,ENSG00000156515,757.048024349084
5337,ENSG00000156531,752.546411225785
5338,ENSG00000156587,1620.10569534044
5339,ENSG00000156599,152.228641618598
5340,ENSG00000156603,141.660250020962
5341,ENSG00000156639,166.16682277698
5342,ENSG00000156642,230.4739172145
5343,ENSG00000156650,67.151946066164
5344,ENSG00000156671,205.196170445095
5345,ENSG00000156675,440.40635690592995
5346,ENSG00000156697,222.946951284614
5347,ENSG00000156709,516.692731131413
5348,ENSG00000156735,315.532314125835
5349,ENSG00000156787,467.775189562693
5350,ENSG00000156795,856.4895952139169
5351,ENSG00000156802,221.57226477916
5352,ENSG00000156804,158.898217362921
5353,ENSG00000156831,276.942738090053
5354,ENSG00000156858,356.70262185064695
5355,ENSG00000156860,250.01306382145802
5356,ENSG00000156869,628.676700857494
5357,ENSG00000156873,169.878744937688
5358,ENSG00000156875,252.241745315942
5359,ENSG00000156876,437.714212991044
5360,ENSG00000156928,316.035619533775
5361,ENSG00000156931,198.59584275735298
5362,ENSG00000156958,423.62056517303597
5363,ENSG00000156970,146.728858642243
5364,ENSG00000156976,189.703417060873
5365,ENSG00000156983,97.281323983449
5366,ENSG00000156990,2658.94833781154
5367,ENSG00000157014,165.347520190702
5368,ENSG00000157020,617.38284200715
5369,ENSG00000157036,469.510809601407
5370,ENSG00000157045,882.186487860868
5371,ENSG00000157077,186.707145245434
5372,ENSG00000157107,237.056954149564
5373,ENSG00000157181,284.670196436872
5374,ENSG00000157184,233.039177082268
5375,ENSG00000157191,260.678341176063
5376,ENSG00000157193,395.655488007416
5377,ENSG00000157212,176.68045065816003
5378,ENSG00000157216,400.657300236133
5379,ENSG00000157224,289.472685407232
5380,ENSG00000157259,216.28285969833698
5381,ENSG00000157326,610.152941161894
5382,ENSG00000157349,692.463761788273
5383,ENSG00000157350,212.334310632297
5384,ENSG00000157404,334.740697964036
5385,ENSG00000157426,236.68998623138802
5386,ENSG00000157450,97.4040657603348
5387,ENSG00000157456,247.076413930877
5388,ENSG00000157500,161.959598415728
5389,ENSG00000157514,328.584781539615
5390,ENSG00000157538,258.983995415335
5391,ENSG00000157540,71.86474258363249
5392,ENSG00000157557,88.4467101535878
5393,ENSG00000157570,726.7688676860249
5394,ENSG00000157593,607.2082827292891
5395,ENSG00000157625,682.569541030241
5396,ENSG00000157637,586.55214700771
5397,ENSG00000157693,383.43056390741896
5398,ENSG00000157741,192.559138587935
5399,ENSG00000157764,168.404864586929
5400,ENSG00000157778,231.226086987925
5401,ENSG00000157823,277.269745567246
5402,ENSG00000157837,309.047923855434
5403,ENSG00000157869,557.783486916288
5404,ENSG00000157881,151.144174448899
5405,ENSG00000157895,105.405015068613
5406,ENSG00000157911,846.743328426268
5407,ENSG00000157916,725.073631952068
5408,ENSG00000157933,175.77287846547298
5409,ENSG00000157954,280.16477989662
5410,ENSG00000157978,969.666360951093
5411,ENSG00000157985,83.25457622305191
5412,ENSG00000157992,68.2501702360946
5413,ENSG00000158006,281.357468719515
5414,ENSG00000158019,388.487279010893
5415,ENSG00000158023,337.205416610773
5416,ENSG00000158042,173.629842786193
5417,ENSG00000158062,650.012485542214
5418,ENSG00000158077,80.8983467002689
5419,ENSG00000158079,341.070357987208
5420,ENSG00000158092,213.101048639374
5421,ENSG00000158109,119.911141292624
5422,ENSG00000158122,271.842555102234
5423,ENSG00000158158,242.32943221018996
5424,ENSG00000158161,202.400168477491
5425,ENSG00000158169,328.326141245888
5426,ENSG00000158195,408.119460332686
5427,ENSG00000158286,200.581314696791
5428,ENSG00000158290,438.935524553634
5429,ENSG00000158292,191.082531811645
5430,ENSG00000158296,240.63820452507701
5431,ENSG00000158402,246.38284731055802
5432,ENSG00000158411,182.741890015476
5433,ENSG00000158417,429.44351523407204
5434,ENSG00000158423,24.8804835101356
5435,ENSG00000158435,480.70153954374496
5436,ENSG00000158467,278.913886001948
5437,ENSG00000158470,208.490222651666
5438,ENSG00000158526,358.464578555176
5439,ENSG00000158545,289.964511418432
5440,ENSG00000158552,655.8828236712291
5441,ENSG00000158578,2725.0595416106303
5442,ENSG00000158604,729.254323615457
5443,ENSG00000158615,109.72197436952801
5444,ENSG00000158623,1398.27359494265
5445,ENSG00000158636,140.768201084097
5446,ENSG00000158669,517.027382136085
5447,ENSG00000158691,59.2250306879943
5448,ENSG00000158710,313.732826780196
5449,ENSG00000158711,331.421072258114
5450,ENSG00000158716,789.8997825316859
5451,ENSG00000158717,489.20353889705495
5452,ENSG00000158769,608.51700706417
5453,ENSG00000158773,319.721158540862
5454,ENSG00000158793,796.216200071618
5455,ENSG00000158796,303.97333650434103
5456,ENSG00000158805,208.746790723517
5457,ENSG00000158815,56.923058037653895
5458,ENSG00000158828,355.975810649366
5459,ENSG00000158850,532.4460478630091
5460,ENSG00000158856,388.411194928189
5461,ENSG00000158863,235.522664045892
5462,ENSG00000158864,561.5840951018799
5463,ENSG00000158882,785.500289867344
5464,ENSG00000158887,1771.8292662406698
5465,ENSG00000158941,230.59671517899
5466,ENSG00000158985,480.591268303679
5467,ENSG00000158987,84.9707998794192
5468,ENSG00000159023,392.24091520386594
5469,ENSG00000159055,531.79703228775
5470,ENSG00000159063,1045.9577358729302
5471,ENSG00000159069,393.285166835932
5472,ENSG00000159079,897.827821227259
5473,ENSG00000159082,89.091626366264
5474,ENSG00000159086,192.634853695
5475,ENSG00000159111,240.09883318149
5476,ENSG00000159128,771.6505120351691
5477,ENSG00000159131,531.24247336602
5478,ENSG00000159140,170.45210173753202
5479,ENSG00000159147,466.498582735483
5480,ENSG00000159199,939.846433145288
5481,ENSG00000159202,141.564243603027
5482,ENSG00000159210,650.410338511023
5483,ENSG00000159216,62.817216799909495
5484,ENSG00000159217,345.523249877358
5485,ENSG00000159228,691.6793114716361
5486,ENSG00000159256,152.971505706881
5487,ENSG00000159259,328.972571984305
5488,ENSG00000159267,144.809524654056
5489,ENSG00000159322,539.5728418718099
5490,ENSG00000159335,610.1837822228309
5491,ENSG00000159346,523.73631437957
5492,ENSG00000159348,356.695531018298
5493,ENSG00000159352,762.079208051878
5494,ENSG00000159377,383.326633280504
5495,ENSG00000159388,64.13756821908001
5496,ENSG00000159399,286.07150659970796
5497,ENSG00000159403,556.005424839232
5498,ENSG00000159433,270.513762154297
5499,ENSG00000159445,169.934311096137
5500,ENSG00000159459,145.852736766324
5501,ENSG00000159461,931.930308025711
5502,ENSG00000159479,276.124882447481
5503,ENSG00000159527,105.572451344663
5504,ENSG00000159556,207.25338043105
5505,ENSG00000159579,192.484700778227
5506,ENSG00000159588,86.0113892455301
5507,ENSG00000159592,233.388689512665
5508,ENSG00000159593,971.265223923118
5509,ENSG00000159596,359.367669991948
5510,ENSG00000159640,159.995004765462
5511,ENSG00000159658,179.671667421567
5512,ENSG00000159685,697.7230511462429
5513,ENSG00000159720,200.30898630243598
5514,ENSG00000159840,659.693095268535
5515,ENSG00000159842,165.09980646907601
5516,ENSG00000159873,152.250224100051
5517,ENSG00000159885,81.5342186093091
5518,ENSG00000159899,156.281003307286
5519,ENSG00000159921,265.80987041631903
5520,ENSG00000160007,395.854272122761
5521,ENSG00000160014,955.137369487507
5522,ENSG00000160049,972.0334302750019
5523,ENSG00000160050,5317.09226136935
5524,ENSG00000160051,96.8144321229858
5525,ENSG00000160055,109.80443260879801
5526,ENSG00000160058,183.664183533429
5527,ENSG00000160072,286.434916977432
5528,ENSG00000160075,274.47654761914
5529,ENSG00000160087,508.052247074396
5530,ENSG00000160113,204.70260728557702
5531,ENSG00000160117,288.271934704838
5532,ENSG00000160124,302.38309379282396
5533,ENSG00000160131,466.90710590872004
5534,ENSG00000160161,30.121544797391895
5535,ENSG00000160190,582.482563461298
5536,ENSG00000160193,188.222873790364
5537,ENSG00000160194,554.78833521741
5538,ENSG00000160199,212.347188884862
5539,ENSG00000160208,450.190779630552
5540,ENSG00000160209,252.852595760382
5541,ENSG00000160211,338.816839893774
5542,ENSG00000160213,372.039016690943
5543,ENSG00000160214,301.138546419818
5544,ENSG00000160216,509.13454358840795
5545,ENSG00000160218,170.576089216551
5546,ENSG00000160219,448.216952440896
5547,ENSG00000160226,463.395288496941
5548,ENSG00000160256,631.9124824081771
5549,ENSG00000160271,329.03556129124297
5550,ENSG00000160284,615.686950664662
5551,ENSG00000160285,388.144415575222
5552,ENSG00000160294,347.505111180203
5553,ENSG00000160298,93.16073803070049
5554,ENSG00000160299,76.74414348152341
5555,ENSG00000160305,262.484192738238
5556,ENSG00000160310,396.34260850474504
5557,ENSG00000160352,526.9775279573311
5558,ENSG00000160392,117.68686712235399
5559,ENSG00000160404,1782.7371068023199
5560,ENSG00000160408,287.86429421915796
5561,ENSG00000160410,1245.82226065663
5562,ENSG00000160439,73.8038010268126
5563,ENSG00000160445,420.12635466685094
5564,ENSG00000160446,988.6235088671859
5565,ENSG00000160551,144.86025676221902
5566,ENSG00000160563,255.832080009337
5567,ENSG00000160570,65.8185024206864
5568,ENSG00000160584,108.370148075915
5569,ENSG00000160602,51.745228004003295
5570,ENSG00000160606,252.795591543815
5571,ENSG00000160633,195.126519734468
5572,ENSG00000160679,251.674381664995
5573,ENSG00000160685,106.031421326283
5574,ENSG00000160688,433.368926104626
5575,ENSG00000160691,221.02928108433898
5576,ENSG00000160695,155.04759167865402
5577,ENSG00000160710,443.863662045343
5578,ENSG00000160714,235.866863731055
5579,ENSG00000160741,330.216120382831
5580,ENSG00000160746,269.057654027216
5581,ENSG00000160752,1604.27513598285
5582,ENSG00000160753,927.74514501642
5583,ENSG00000160767,3322.4287685071804
5584,ENSG00000160781,177.636362547296
5585,ENSG00000160783,459.025311869559
5586,ENSG00000160785,153.77133175611098
5587,ENSG00000160789,220.32574708266398
5588,ENSG00000160796,462.91084182436896
5589,ENSG00000160799,130.140787982625
5590,ENSG00000160803,451.14278846242104
5591,ENSG00000160813,757.165684052426
5592,ENSG00000160818,462.89868317675996
5593,ENSG00000160867,1431.2585926566298
5594,ENSG00000160883,29.0514436302226
5595,ENSG00000160908,131.36864453020002
5596,ENSG00000160917,387.063522291263
5597,ENSG00000160932,1263.8206095062199
5598,ENSG00000160948,1301.73397065139
5599,ENSG00000160949,451.070528776809
5600,ENSG00000160953,1080.7709427070401
5601,ENSG00000160957,219.725919326054
5602,ENSG00000160991,158.866589049723
5603,ENSG00000160993,167.218135296305
5604,ENSG00000160999,32.9048756522574
5605,ENSG00000161010,395.50215398484903
5606,ENSG00000161011,203.55952128255902
5607,ENSG00000161013,308.292259736098
5608,ENSG00000161016,899.344396170074
5609,ENSG00000161021,100.990664690312
5610,ENSG00000161036,282.891981005413
5611,ENSG00000161040,180.619259623142
5612,ENSG00000161057,316.852893882327
5613,ENSG00000161091,250.496582839041
5614,ENSG00000161149,100.116745946252
5615,ENSG00000161179,1535.03134506195
5616,ENSG00000161180,315.223615243595
5617,ENSG00000161202,350.63064052327303
5618,ENSG00000161203,588.922591009903
5619,ENSG00000161204,166.346043276567
5620,ENSG00000161217,290.888549696928
5621,ENSG00000161265,232.017351481528
5622,ENSG00000161298,136.042046212545
5623,ENSG00000161395,112.05888287178301
5624,ENSG00000161405,242.86797439864102
5625,ENSG00000161509,66.695388405941
5626,ENSG00000161513,1959.12009258561
5627,ENSG00000161526,195.88724381708099
5628,ENSG00000161533,264.191216172856
5629,ENSG00000161547,209.859805357871
5630,ENSG00000161551,259.13703457826
5631,ENSG00000161618,362.110781530962
5632,ENSG00000161638,219.78582381566898
5633,ENSG00000161642,491.10677922653
5634,ENSG00000161654,286.389353482434
5635,ENSG00000161671,290.837231819519
5636,ENSG00000161692,170.96876690790302
5637,ENSG00000161800,192.532115756911
5638,ENSG00000161813,294.293763076631
5639,ENSG00000161847,341.97838636862303
5640,ENSG00000161888,860.514033519535
5641,ENSG00000161904,299.418305839176
5642,ENSG00000161914,63.84975319075439
5643,ENSG00000161939,532.736334971293
5644,ENSG00000161956,480.08770040355597
5645,ENSG00000161960,451.709604175063
5646,ENSG00000161970,731.5869288038131
5647,ENSG00000161980,218.01906663328498
5648,ENSG00000161981,419.41955451602996
5649,ENSG00000161999,541.789068258259
5650,ENSG00000162004,220.19942037385
5651,ENSG00000162032,673.64811716252
5652,ENSG00000162039,1960.71818123542
5653,ENSG00000162062,362.98351463583504
5654,ENSG00000162063,172.09260581565601
5655,ENSG00000162065,343.110334131897
5656,ENSG00000162066,118.432187261812
5657,ENSG00000162068,28.7691186784637
5658,ENSG00000162076,584.677426142563
5659,ENSG00000162086,131.225080971615
5660,ENSG00000162129,142.251249833349
5661,ENSG00000162139,371.245252813135
5662,ENSG00000162144,576.101910015102
5663,ENSG00000162148,336.469692611797
5664,ENSG00000162191,392.870997868098
5665,ENSG00000162194,257.99424002952003
5666,ENSG00000162222,195.754932595616
5667,ENSG00000162227,231.17883649054002
5668,ENSG00000162231,149.15656625103202
5669,ENSG00000162236,133.2424013308
5670,ENSG00000162244,957.323641521074
5671,ENSG00000162298,425.87802385528903
5672,ENSG00000162300,197.166846632218
5673,ENSG00000162337,527.131050585747
5674,ENSG00000162367,306.297132411839
5675,ENSG00000162368,846.301614059956
5676,ENSG00000162377,132.725895012336
5677,ENSG00000162378,230.467290191479
5678,ENSG00000162384,656.471553848789
5679,ENSG00000162385,394.18204530184096
5680,ENSG00000162402,277.029143528406
5681,ENSG00000162408,262.4659380057
5682,ENSG00000162413,78.6950633916501
5683,ENSG00000162419,107.878518556993
5684,ENSG00000162433,733.6283113275799
5685,ENSG00000162434,236.132993794834
5686,ENSG00000162437,455.839634654447
5687,ENSG00000162441,387.981621854019
5688,ENSG00000162461,53.058484818112106
5689,ENSG00000162482,61.017782150128205
5690,ENSG00000162496,735.707323305538
5691,ENSG00000162517,469.695183132552
5692,ENSG00000162521,587.319017940438
5693,ENSG00000162522,546.396369454744
5694,ENSG00000162543,194.30505947300702
5695,ENSG00000162576,438.00828486212004
5696,ENSG00000162585,1713.32511560492
5697,ENSG00000162594,173.61268112079603
5698,ENSG00000162599,105.23286420851801
5699,ENSG00000162600,1960.6313123616699
5700,ENSG00000162601,212.600649072117
5701,ENSG00000162604,251.89545385235803
5702,ENSG00000162607,237.774739373703
5703,ENSG00000162613,223.330297031704
5704,ENSG00000162616,194.390196258111
5705,ENSG00000162623,379.22610511091005
5706,ENSG00000162636,679.6960070863449
5707,ENSG00000162642,206.00339100488097
5708,ENSG00000162645,482.87051554043603
5709,ENSG00000162650,137.734618236353
5710,ENSG00000162664,255.777167570979
5711,ENSG00000162688,304.91966274222597
5712,ENSG00000162694,685.588509527219
5713,ENSG00000162695,176.18450953622101
5714,ENSG00000162702,90.6191399679499
5715,ENSG00000162704,526.3325880998619
5716,ENSG00000162714,181.016504031946
5717,ENSG00000162722,181.289121797718
5718,ENSG00000162734,561.3864142248481
5719,ENSG00000162735,497.022006292275
5720,ENSG00000162736,529.292530585264
5721,ENSG00000162739,2174.47251317155
5722,ENSG00000162757,77.69786245729391
5723,ENSG00000162769,254.75034728511102
5724,ENSG00000162772,177.854466737653
5725,ENSG00000162813,806.4863565575309
5726,ENSG00000162819,152.274067889517
5727,ENSG00000162825,271.561898531639
5728,ENSG00000162851,210.974228631148
5729,ENSG00000162852,251.177340445732
5730,ENSG00000162869,304.73572724810697
5731,ENSG00000162873,38.369583354197104
5732,ENSG00000162878,92.3220962582435
5733,ENSG00000162885,207.87878352982602
5734,ENSG00000162889,293.88022351813
5735,ENSG00000162909,969.763092689649
5736,ENSG00000162910,388.073349574528
5737,ENSG00000162923,278.236941681577
5738,ENSG00000162924,115.39744242781299
5739,ENSG00000162927,205.935507623294
5740,ENSG00000162928,120.48682527815599
5741,ENSG00000162959,216.546867307644
5742,ENSG00000162961,521.5871446787401
5743,ENSG00000162971,138.84438430634398
5744,ENSG00000162972,119.05097468952299
5745,ENSG00000162980,370.798508519676
5746,ENSG00000163002,186.73052811791
5747,ENSG00000163006,280.345518837996
5748,ENSG00000163009,115.20513361665701
5749,ENSG00000163026,196.39326870051102
5750,ENSG00000163029,322.11134382491
5751,ENSG00000163041,883.755246037775
5752,ENSG00000163050,549.4481867953971
5753,ENSG00000163072,378.33143564186304
5754,ENSG00000163104,191.25813065945
5755,ENSG00000163110,325.527707201648
5756,ENSG00000163125,96.5890302074761
5757,ENSG00000163131,478.262721393795
5758,ENSG00000163156,260.484751403857
5759,ENSG00000163159,418.448541126114
5760,ENSG00000163161,168.813633597204
5761,ENSG00000163162,218.41362552332
5762,ENSG00000163166,199.131097480448
5763,ENSG00000163170,883.2675820738699
5764,ENSG00000163191,645.433474680353
5765,ENSG00000163214,313.444009167361
5766,ENSG00000163218,350.68003008782205
5767,ENSG00000163219,245.10232140108602
5768,ENSG00000163249,181.86240256211602
5769,ENSG00000163251,167.476915265143
5770,ENSG00000163257,193.745988994494
5771,ENSG00000163281,238.157846100043
5772,ENSG00000163291,2559.6312496047
5773,ENSG00000163312,69.7083879165919
5774,ENSG00000163319,358.273564206495
5775,ENSG00000163320,694.97734083005
5776,ENSG00000163322,2195.0030142586497
5777,ENSG00000163346,356.647469813314
5778,ENSG00000163348,170.256648993919
5779,ENSG00000163349,229.557101447077
5780,ENSG00000163374,290.98419035924996
5781,ENSG00000163376,81.1163253836686
5782,ENSG00000163382,2162.1392349712
5783,ENSG00000163389,214.807631401686
5784,ENSG00000163399,1091.9595383748401
5785,ENSG00000163428,215.549507441341
5786,ENSG00000163444,538.783930194771
5787,ENSG00000163463,887.551639192291
5788,ENSG00000163466,446.344808205509
5789,ENSG00000163468,614.672247503087
5790,ENSG00000163472,232.223610636822
5791,ENSG00000163479,622.796307250437
5792,ENSG00000163481,81.63688397521881
5793,ENSG00000163482,622.761466735342
5794,ENSG00000163507,114.91441544156099
5795,ENSG00000163510,230.97821741176398
5796,ENSG00000163512,501.451162317478
5797,ENSG00000163513,264.614148867354
5798,ENSG00000163516,625.6540848960531
5799,ENSG00000163527,942.679760849603
5800,ENSG00000163528,420.593584938896
5801,ENSG00000163535,423.36856655270105
5802,ENSG00000163539,190.224305205639
5803,ENSG00000163541,1621.88355294875
5804,ENSG00000163554,282.465632674297
5805,ENSG00000163558,446.51482970871103
5806,ENSG00000163584,96.9056073099037
5807,ENSG00000163597,251.001893695596
5808,ENSG00000163602,95.27227363256858
5809,ENSG00000163605,194.26086531266498
5810,ENSG00000163607,269.999936899639
5811,ENSG00000163608,390.90591057400496
5812,ENSG00000163611,421.842811163929
5813,ENSG00000163625,166.67660417845502
5814,ENSG00000163626,334.258399526252
5815,ENSG00000163634,715.7034714399831
5816,ENSG00000163635,88.7881654564917
5817,ENSG00000163636,340.246919933767
5818,ENSG00000163644,1085.75730470931
5819,ENSG00000163655,751.330746426902
5820,ENSG00000163659,59.3812258205204
5821,ENSG00000163660,55.1310106180046
5822,ENSG00000163681,224.679858867276
5823,ENSG00000163682,1032.56468586858
5824,ENSG00000163684,125.16951582258899
5825,ENSG00000163697,67.5649284900595
5826,ENSG00000163703,235.15539867986
5827,ENSG00000163714,416.46770862321097
5828,ENSG00000163719,191.04085061590197
5829,ENSG00000163728,210.050089739487
5830,ENSG00000163734,90.27487175032559
5831,ENSG00000163738,94.7028175237541
5832,ENSG00000163743,373.85214654027396
5833,ENSG00000163755,808.302914183199
5834,ENSG00000163781,253.918426901854
5835,ENSG00000163785,667.8499000777031
5836,ENSG00000163788,98.51730379581021
5837,ENSG00000163795,107.67790454841999
5838,ENSG00000163798,293.598141314118
5839,ENSG00000163806,66.777005779649
5840,ENSG00000163807,218.795432736271
5841,ENSG00000163808,115.38678855287701
5842,ENSG00000163811,176.24210735385398
5843,ENSG00000163812,517.351405357274
5844,ENSG00000163818,277.33627615419897
5845,ENSG00000163832,458.332738001343
5846,ENSG00000163840,417.67540312712003
5847,ENSG00000163848,144.224271848983
5848,ENSG00000163866,80.9612627652823
5849,ENSG00000163867,137.346864837164
5850,ENSG00000163872,490.031579281557
5851,ENSG00000163874,67.250107194915
5852,ENSG00000163875,313.26977350196097
5853,ENSG00000163877,88.39616372634701
5854,ENSG00000163879,192.594554229132
5855,ENSG00000163882,633.175515176056
5856,ENSG00000163898,439.77531622029
5857,ENSG00000163900,237.926744725878
5858,ENSG00000163902,467.583452989275
5859,ENSG00000163904,394.73857160564904
5860,ENSG00000163918,449.29085987260595
5861,ENSG00000163930,400.19499511085604
5862,ENSG00000163931,993.046407834232
5863,ENSG00000163932,317.88592334876597
5864,ENSG00000163935,112.475503827887
5865,ENSG00000163938,280.355220349566
5866,ENSG00000163939,187.61475246070597
5867,ENSG00000163945,383.012200325609
5868,ENSG00000163946,308.211627351787
5869,ENSG00000163947,132.325883177772
5870,ENSG00000163950,173.655015369636
5871,ENSG00000163956,605.264315531186
5872,ENSG00000163960,165.36813344083998
5873,ENSG00000163961,190.49627702517103
5874,ENSG00000163964,508.45789881870695
5875,ENSG00000163975,248.06638710958998
5876,ENSG00000164002,179.146206406223
5877,ENSG00000164008,242.55060598147998
5878,ENSG00000164010,188.680745545652
5879,ENSG00000164011,333.574492299499
5880,ENSG00000164022,496.524477991541
5881,ENSG00000164024,661.403494502243
5882,ENSG00000164031,351.717070479568
5883,ENSG00000164032,379.16895261188995
5884,ENSG00000164038,150.956513640514
5885,ENSG00000164039,379.953121925306
5886,ENSG00000164040,441.31303930510995
5887,ENSG00000164045,178.800637341453
5888,ENSG00000164048,219.309414139343
5889,ENSG00000164053,95.26591710448851
5890,ENSG00000164054,806.506168263158
5891,ENSG00000164062,2367.58405734382
5892,ENSG00000164068,253.06894648231702
5893,ENSG00000164070,1699.8757895738902
5894,ENSG00000164073,286.656632846858
5895,ENSG00000164074,114.390747548453
5896,ENSG00000164077,229.216097248773
5897,ENSG00000164080,152.779554763258
5898,ENSG00000164081,565.245416618863
5899,ENSG00000164086,179.77809034770402
5900,ENSG00000164091,168.198316356839
5901,ENSG00000164096,637.79308221411
5902,ENSG00000164104,218.57623328258302
5903,ENSG00000164105,217.403784604081
5904,ENSG00000164109,369.52330548226405
5905,ENSG00000164111,304.662247471698
5906,ENSG00000164117,99.9666449467528
5907,ENSG00000164118,503.698231781784
5908,ENSG00000164134,442.63690335577996
5909,ENSG00000164144,208.260519372012
5910,ENSG00000164151,208.467895286945
5911,ENSG00000164162,176.486984400547
5912,ENSG00000164163,549.65766898428
5913,ENSG00000164164,215.267779390953
5914,ENSG00000164167,374.252836448079
5915,ENSG00000164168,390.05742337832
5916,ENSG00000164169,154.15543980700002
5917,ENSG00000164172,1945.9415114183398
5918,ENSG00000164180,759.343600469194
5919,ENSG00000164182,464.525827494391
5920,ENSG00000164187,355.022570758749
5921,ENSG00000164190,240.46290911730702
5922,ENSG00000164199,349.24042515669
5923,ENSG00000164209,331.039821695712
5924,ENSG00000164211,612.375679367442
5925,ENSG00000164219,217.16503328562
5926,ENSG00000164221,631.783629884541
5927,ENSG00000164237,1121.33676426399
5928,ENSG00000164244,391.04123463918
5929,ENSG00000164252,238.244650426293
5930,ENSG00000164253,2250.48690107327
5931,ENSG00000164256,300.448932625744
5932,ENSG00000164258,436.47644268251196
5933,ENSG00000164284,146.19084706147498
5934,ENSG00000164291,231.483142196124
5935,ENSG00000164292,328.249598720316
5936,ENSG00000164296,357.100628008638
5937,ENSG00000164300,266.749514385529
5938,ENSG00000164305,152.502419849466
5939,ENSG00000164307,601.466680604705
5940,ENSG00000164308,192.270235977544
5941,ENSG00000164323,475.888390021865
5942,ENSG00000164327,212.051414018991
5943,ENSG00000164329,106.112054127945
5944,ENSG00000164331,165.315845349457
5945,ENSG00000164332,663.216842835719
5946,ENSG00000164338,281.114126730506
5947,ENSG00000164346,488.681760596584
5948,ENSG00000164347,528.818652566778
5949,ENSG00000164366,224.341914086314
5950,ENSG00000164402,620.7611961379171
5951,ENSG00000164405,779.865448928868
5952,ENSG00000164442,73.6650887071968
5953,ENSG00000164463,76.0971960414294
5954,ENSG00000164466,901.326864792556
5955,ENSG00000164506,218.362339697631
5956,ENSG00000164535,135.062106288905
5957,ENSG00000164543,153.738674808273
5958,ENSG00000164548,178.277487714025
5959,ENSG00000164574,123.72643341651899
5960,ENSG00000164576,142.152810578986
5961,ENSG00000164587,792.6063235420061
5962,ENSG00000164597,109.409796540116
5963,ENSG00000164609,165.352407895581
5964,ENSG00000164610,177.31034912233997
5965,ENSG00000164611,481.35662079221396
5966,ENSG00000164615,546.8318728469139
5967,ENSG00000164620,770.998483543652
5968,ENSG00000164626,157.01796955407698
5969,ENSG00000164631,66.5056027511184
5970,ENSG00000164654,516.1492331686001
5971,ENSG00000164659,485.262452243319
5972,ENSG00000164663,37.1650513104587
5973,ENSG00000164687,1120.65893636719
5974,ENSG00000164713,373.816770268901
5975,ENSG00000164715,242.16046189773
5976,ENSG00000164733,538.7865821521231
5977,ENSG00000164751,341.450812795761
5978,ENSG00000164754,339.47163995263503
5979,ENSG00000164758,180.560412102111
5980,ENSG00000164808,116.669397170056
5981,ENSG00000164815,314.23487151238703
5982,ENSG00000164818,539.497580852873
5983,ENSG00000164823,285.19487258595797
5984,ENSG00000164828,368.938032254032
5985,ENSG00000164867,859.1332654769479
5986,ENSG00000164877,490.33278085134805
5987,ENSG00000164880,705.9970775600129
5988,ENSG00000164885,302.756593099416
5989,ENSG00000164889,319.13059895357003
5990,ENSG00000164896,437.282692132396
5991,ENSG00000164897,877.125399683579
5992,ENSG00000164898,178.03284847487203
5993,ENSG00000164916,328.192654257215
5994,ENSG00000164919,431.56711706594297
5995,ENSG00000164920,203.049949944449
5996,ENSG00000164924,489.304048471992
5997,ENSG00000164930,262.438217478529
5998,ENSG00000164933,236.091082658353
5999,ENSG00000164934,696.185020602276
6000,ENSG00000164938,176.682602363732
6001,ENSG00000164941,515.714691614069
6002,ENSG00000164944,203.165605562323
6003,ENSG00000164949,90.5152402012352
6004,ENSG00000164961,293.629679780109
6005,ENSG00000164967,336.210942059482
6006,ENSG00000164970,393.46900317781
6007,ENSG00000164975,450.403087538419
6008,ENSG00000164978,659.932816190122
6009,ENSG00000164983,388.204537543712
6010,ENSG00000164985,548.741842676255
6011,ENSG00000165006,172.832851770375
6012,ENSG00000165025,321.394757230042
6013,ENSG00000165055,218.03596891427102
6014,ENSG00000165060,718.987764233949
6015,ENSG00000165092,1262.43739217042
6016,ENSG00000165097,1197.27804388014
6017,ENSG00000165102,734.7233312203269
6018,ENSG00000165113,215.62437309923402
6019,ENSG00000165118,160.844323528151
6020,ENSG00000165119,448.646042469035
6021,ENSG00000165138,459.349443841975
6022,ENSG00000165156,343.89707864524803
6023,ENSG00000165185,464.00286280120497
6024,ENSG00000165209,499.259958910485
6025,ENSG00000165219,253.11719621442901
6026,ENSG00000165233,828.027593749931
6027,ENSG00000165240,657.825003982595
6028,ENSG00000165244,51.1911068645101
6029,ENSG00000165264,655.296390459418
6030,ENSG00000165271,356.395514809945
6031,ENSG00000165272,262.187996387129
6032,ENSG00000165275,230.14829310902198
6033,ENSG00000165280,211.033602038
6034,ENSG00000165282,261.644787156992
6035,ENSG00000165283,1151.70527853585
6036,ENSG00000165288,940.32584386752
6037,ENSG00000165304,438.601545776467
6038,ENSG00000165322,230.995910575925
6039,ENSG00000165338,108.65138977146
6040,ENSG00000165355,112.050570272027
6041,ENSG00000165359,223.732158444436
6042,ENSG00000165392,315.71227604732996
6043,ENSG00000165406,213.392292155863
6044,ENSG00000165410,74.71748586460879
6045,ENSG00000165416,491.366525182829
6046,ENSG00000165417,125.13208921844802
6047,ENSG00000165424,253.24421482524502
6048,ENSG00000165434,339.05456399710897
6049,ENSG00000165449,1419.6484257406303
6050,ENSG00000165458,409.830367815697
6051,ENSG00000165476,277.797464229014
6052,ENSG00000165480,253.34253519143797
6053,ENSG00000165487,555.503189164377
6054,ENSG00000165494,101.91669209169599
6055,ENSG00000165502,263.028572892515
6056,ENSG00000165516,186.827248860508
6057,ENSG00000165525,310.50331599978404
6058,ENSG00000165526,369.30190740461603
6059,ENSG00000165527,264.504357699178
6060,ENSG00000165533,701.487051310241
6061,ENSG00000165609,623.298642217851
6062,ENSG00000165626,543.833048516462
6063,ENSG00000165629,748.2342139225191
6064,ENSG00000165630,130.682058396175
6065,ENSG00000165632,103.16387306603
6066,ENSG00000165637,504.43494161112295
6067,ENSG00000165650,450.227131642089
6068,ENSG00000165660,128.325440756993
6069,ENSG00000165661,352.236526546097
6070,ENSG00000165669,268.730818863867
6071,ENSG00000165671,186.166948513073
6072,ENSG00000165672,805.60082512062
6073,ENSG00000165675,379.790054257026
6074,ENSG00000165678,941.1644141593131
6075,ENSG00000165684,194.353809183686
6076,ENSG00000165688,256.67160574794497
6077,ENSG00000165689,186.222837097583
6078,ENSG00000165699,197.652043676478
6079,ENSG00000165702,121.404702443017
6080,ENSG00000165704,2637.7957275255103
6081,ENSG00000165724,398.30048160584397
6082,ENSG00000165732,436.92107048976897
6083,ENSG00000165733,268.456420750704
6084,ENSG00000165752,1312.27390536238
6085,ENSG00000165775,634.2901063013591
6086,ENSG00000165782,125.047234147028
6087,ENSG00000165792,253.52540209997298
6088,ENSG00000165795,341.106444814314
6089,ENSG00000165801,137.72216509955402
6090,ENSG00000165804,247.711316182919
6091,ENSG00000165813,178.172114887147
6092,ENSG00000165821,172.753749581731
6093,ENSG00000165832,116.773644358687
6094,ENSG00000165861,156.87820243604202
6095,ENSG00000165891,276.247647817632
6096,ENSG00000165898,447.29537913797003
6097,ENSG00000165912,743.3177285885511
6098,ENSG00000165916,348.832555904496
6099,ENSG00000165934,344.20911785481
6100,ENSG00000165943,182.129161404318
6101,ENSG00000165948,1388.95552646199
6102,ENSG00000165983,269.047441358216
6103,ENSG00000165997,217.907466587554
6104,ENSG00000166004,144.582162064192
6105,ENSG00000166024,152.96636528168997
6106,ENSG00000166025,577.838070263336
6107,ENSG00000166037,627.259146997555
6108,ENSG00000166046,146.825066955228
6109,ENSG00000166049,532.392576575089
6110,ENSG00000166068,202.25165016168597
6111,ENSG00000166128,346.51725621808293
6112,ENSG00000166133,80.9297818972063
6113,ENSG00000166135,316.391682026614
6114,ENSG00000166136,895.690430055293
6115,ENSG00000166140,525.7755620797969
6116,ENSG00000166164,292.907987048202
6117,ENSG00000166165,856.4191024636509
6118,ENSG00000166166,143.67938799247298
6119,ENSG00000166167,455.499240605495
6120,ENSG00000166169,6604.9746743183305
6121,ENSG00000166181,502.08139817941594
6122,ENSG00000166197,548.136286225214
6123,ENSG00000166199,178.601368243186
6124,ENSG00000166200,403.330177018501
6125,ENSG00000166224,215.49281625087502
6126,ENSG00000166225,78.1977999630742
6127,ENSG00000166226,610.933853013036
6128,ENSG00000166228,1988.1421129873002
6129,ENSG00000166233,191.258486763387
6130,ENSG00000166260,530.887444680543
6131,ENSG00000166261,80.50119642198109
6132,ENSG00000166263,152.000748701628
6133,ENSG00000166266,151.920851149753
6134,ENSG00000166268,28.3853559160425
6135,ENSG00000166272,84.0896451298782
6136,ENSG00000166275,223.218126718552
6137,ENSG00000166289,104.516698916007
6138,ENSG00000166295,1567.19250631099
6139,ENSG00000166311,471.41517279496696
6140,ENSG00000166326,280.112414049929
6141,ENSG00000166333,673.1916424350251
6142,ENSG00000166337,655.992051625309
6143,ENSG00000166340,846.772669081078
6144,ENSG00000166343,107.072499964491
6145,ENSG00000166348,142.38126941146
6146,ENSG00000166377,133.47383683563498
6147,ENSG00000166398,238.704721353836
6148,ENSG00000166411,715.481655103826
6149,ENSG00000166435,163.143322820615
6150,ENSG00000166436,278.630957153047
6151,ENSG00000166439,86.2608244070675
6152,ENSG00000166441,755.893381189196
6153,ENSG00000166450,393.55727067925204
6154,ENSG00000166451,95.6725146409651
6155,ENSG00000166452,533.046882571605
6156,ENSG00000166454,126.30448019532301
6157,ENSG00000166471,486.844751916174
6158,ENSG00000166477,467.64248450488
6159,ENSG00000166478,171.792640948317
6160,ENSG00000166479,141.255622207655
6161,ENSG00000166483,92.1899474134375
6162,ENSG00000166484,139.51713510119302
6163,ENSG00000166501,526.9726440333541
6164,ENSG00000166503,1096.2640880889098
6165,ENSG00000166507,271.36299928542803
6166,ENSG00000166508,198.955393100541
6167,ENSG00000166526,79.5786686818576
6168,ENSG00000166529,102.86463099290701
6169,ENSG00000166532,229.363458730251
6170,ENSG00000166557,1186.95764988639
6171,ENSG00000166562,1201.11563959978
6172,ENSG00000166575,456.38138358289297
6173,ENSG00000166579,200.06284562652402
6174,ENSG00000166582,1163.84531373252
6175,ENSG00000166592,76.7900820497886
6176,ENSG00000166595,636.023174100995
6177,ENSG00000166598,1143.8883057111698
6178,ENSG00000166619,453.77072790703795
6179,ENSG00000166669,138.217956769009
6180,ENSG00000166685,247.77374069807598
6181,ENSG00000166689,92.8619937755483
6182,ENSG00000166704,57.096354928021
6183,ENSG00000166710,743.5013460862309
6184,ENSG00000166716,155.32650617434402
6185,ENSG00000166734,378.60717908616
6186,ENSG00000166747,130.135506487461
6187,ENSG00000166783,258.622756941504
6188,ENSG00000166788,248.514432907594
6189,ENSG00000166793,112.612747526441
6190,ENSG00000166794,615.980312436496
6191,ENSG00000166797,932.062099019415
6192,ENSG00000166801,127.942690018172
6193,ENSG00000166803,626.086037432802
6194,ENSG00000166822,347.51993614181197
6195,ENSG00000166847,268.294595589092
6196,ENSG00000166848,253.18072879042901
6197,ENSG00000166851,172.551247597374
6198,ENSG00000166855,259.143592397234
6199,ENSG00000166881,489.861843804217
6200,ENSG00000166886,53.722864471966105
6201,ENSG00000166887,248.892030754801
6202,ENSG00000166888,748.989828591232
6203,ENSG00000166889,168.81357974208
6204,ENSG00000166900,141.127263980582
6205,ENSG00000166902,909.9919648043449
6206,ENSG00000166908,321.131298300553
6207,ENSG00000166912,72.0716171254987
6208,ENSG00000166913,444.59114220939904
6209,ENSG00000166925,871.882596169355
6210,ENSG00000166938,373.030401544265
6211,ENSG00000166946,393.826640338293
6212,ENSG00000166949,116.329076130909
6213,ENSG00000166963,269.580852775052
6214,ENSG00000166965,387.563557174296
6215,ENSG00000166974,423.89397340796
6216,ENSG00000166986,546.185513333073
6217,ENSG00000166987,336.175806502277
6218,ENSG00000166997,2524.32533508767
6219,ENSG00000167004,652.512938645093
6220,ENSG00000167005,513.881662208137
6221,ENSG00000167085,855.3299317831951
6222,ENSG00000167088,228.51628340315602
6223,ENSG00000167103,42.753613942884996
6224,ENSG00000167106,148.507621097451
6225,ENSG00000167107,739.2657794446769
6226,ENSG00000167110,491.36421446152497
6227,ENSG00000167112,213.463731190219
6228,ENSG00000167113,711.0809770099249
6229,ENSG00000167114,400.177491297293
6230,ENSG00000167118,250.953700836301
6231,ENSG00000167130,191.400971902862
6232,ENSG00000167136,512.722037426444
6233,ENSG00000167173,89.9994248631601
6234,ENSG00000167182,197.956304051094
6235,ENSG00000167186,148.490251416532
6236,ENSG00000167193,156.943264253401
6237,ENSG00000167196,642.3577724943631
6238,ENSG00000167220,506.30832758656
6239,ENSG00000167232,251.39692604383703
6240,ENSG00000167257,302.23299936195303
6241,ENSG00000167258,97.3651526737616
6242,ENSG00000167264,151.631000304889
6243,ENSG00000167272,1430.2948271442901
6244,ENSG00000167283,619.0428917434459
6245,ENSG00000167302,280.195606468805
6246,ENSG00000167315,841.3208369459289
6247,ENSG00000167323,601.0587303624379
6248,ENSG00000167325,591.130077453011
6249,ENSG00000167333,322.738370069566
6250,ENSG00000167355,1373.27833731269
6251,ENSG00000167363,923.512355894391
6252,ENSG00000167377,149.7974890139
6253,ENSG00000167380,75.5637965227983
6254,ENSG00000167384,57.5276326381451
6255,ENSG00000167394,124.400483618636
6256,ENSG00000167395,45.4253721977201
6257,ENSG00000167397,548.79963305332
6258,ENSG00000167447,83.4223838986755
6259,ENSG00000167460,241.94703794180901
6260,ENSG00000167461,217.20479913117802
6261,ENSG00000167468,727.5844593132001
6262,ENSG00000167470,112.735573076847
6263,ENSG00000167487,129.31489147060802
6264,ENSG00000167491,241.655688026325
6265,ENSG00000167508,1336.73544486948
6266,ENSG00000167513,415.770850855221
6267,ENSG00000167515,1463.91636802163
6268,ENSG00000167522,413.64515962670896
6269,ENSG00000167524,234.83003835071202
6270,ENSG00000167526,1302.36009668672
6271,ENSG00000167528,154.772292787543
6272,ENSG00000167536,463.444030086068
6273,ENSG00000167548,284.925409846795
6274,ENSG00000167549,135.744289203493
6275,ENSG00000167550,191.757356451233
6276,ENSG00000167552,296.656036139498
6277,ENSG00000167553,310.566626470526
6278,ENSG00000167565,44.328750885843604
6279,ENSG00000167566,228.760622495826
6280,ENSG00000167578,1227.66018687412
6281,ENSG00000167601,177.266995482001
6282,ENSG00000167604,60.4152763619317
6283,ENSG00000167615,219.85924822310002
6284,ENSG00000167625,51.621785549733495
6285,ENSG00000167632,129.642936386739
6286,ENSG00000167635,470.202659877705
6287,ENSG00000167637,87.3308267074938
6288,ENSG00000167641,890.903723084563
6289,ENSG00000167645,38315.1504095387
6290,ENSG00000167657,249.559883664105
6291,ENSG00000167658,883.280357120668
6292,ENSG00000167670,132.966889028075
6293,ENSG00000167671,382.47387782798205
6294,ENSG00000167674,454.608670762612
6295,ENSG00000167685,858.978201688003
6296,ENSG00000167695,139.025745382427
6297,ENSG00000167699,387.25105124451403
6298,ENSG00000167700,2492.38355293873
6299,ENSG00000167702,462.61415508261706
6300,ENSG00000167705,353.108007098258
6301,ENSG00000167720,1060.32043897352
6302,ENSG00000167721,285.93241624157
6303,ENSG00000167747,211.301720668982
6304,ENSG00000167748,775.2371645157739
6305,ENSG00000167759,638.906559305078
6306,ENSG00000167766,153.806466998796
6307,ENSG00000167770,397.441993891315
6308,ENSG00000167774,650.186187485577
6309,ENSG00000167775,1398.35670151673
6310,ENSG00000167778,663.181522902197
6311,ENSG00000167785,172.44084194671902
6312,ENSG00000167792,2876.8335776902504
6313,ENSG00000167797,438.868701810474
6314,ENSG00000167807,469.527078586438
6315,ENSG00000167815,1504.95834577445
6316,ENSG00000167840,422.085665167176
6317,ENSG00000167842,116.694826844828
6318,ENSG00000167862,410.57556994781095
6319,ENSG00000167863,917.6956826159219
6320,ENSG00000167900,321.908191582747
6321,ENSG00000167904,232.348528102256
6322,ENSG00000167925,836.239128313157
6323,ENSG00000167930,533.426531773183
6324,ENSG00000167962,396.59143617361997
6325,ENSG00000167965,713.115367523366
6326,ENSG00000167967,458.42225296382304
6327,ENSG00000167969,1210.12018659155
6328,ENSG00000167977,168.85858846324498
6329,ENSG00000167978,343.903039333859
6330,ENSG00000167981,50.33374015831679
6331,ENSG00000167985,227.637706844575
6332,ENSG00000167986,466.00086041462094
6333,ENSG00000167987,362.679527449883
6334,ENSG00000167992,59.3197296579111
6335,ENSG00000167994,367.248460696643
6336,ENSG00000167996,763.902327739644
6337,ENSG00000168002,668.568599329465
6338,ENSG00000168003,201.10177682344798
6339,ENSG00000168005,204.69845982228298
6340,ENSG00000168014,125.72905848904101
6341,ENSG00000168028,1407.16779277914
6342,ENSG00000168036,281.753341360682
6343,ENSG00000168040,97.321653587754
6344,ENSG00000168066,212.462867453327
6345,ENSG00000168078,745.121126933606
6346,ENSG00000168090,2492.35759481807
6347,ENSG00000168092,209.700142491942
6348,ENSG00000168096,286.43824630798804
6349,ENSG00000168101,1124.10737463262
6350,ENSG00000168116,79.5434260881387
6351,ENSG00000168118,198.851464172281
6352,ENSG00000168152,155.066631709453
6353,ENSG00000168159,685.416175440561
6354,ENSG00000168172,257.5723202415
6355,ENSG00000168175,241.036218595253
6356,ENSG00000168209,125.106693825247
6357,ENSG00000168214,341.814560481413
6358,ENSG00000168216,248.58972617563
6359,ENSG00000168228,281.384887781483
6360,ENSG00000168255,175.783456864215
6361,ENSG00000168256,264.208986650324
6362,ENSG00000168259,335.923419189355
6363,ENSG00000168264,474.844396241593
6364,ENSG00000168268,550.348569323559
6365,ENSG00000168273,242.893544169449
6366,ENSG00000168275,247.18812757278
6367,ENSG00000168283,282.912266384902
6368,ENSG00000168288,497.535232093667
6369,ENSG00000168291,300.4277129997
6370,ENSG00000168297,888.487937991012
6371,ENSG00000168300,437.92273160748397
6372,ENSG00000168303,448.88558620812796
6373,ENSG00000168310,210.256701426951
6374,ENSG00000168374,280.120479621578
6375,ENSG00000168385,555.805477391595
6376,ENSG00000168386,106.808209819009
6377,ENSG00000168393,862.2749832201989
6378,ENSG00000168395,296.418114804335
6379,ENSG00000168397,391.494387119922
6380,ENSG00000168411,149.46991666233401
6381,ENSG00000168421,173.340011076028
6382,ENSG00000168434,402.702953241092
6383,ENSG00000168438,232.37314808518101
6384,ENSG00000168439,535.875920133896
6385,ENSG00000168476,217.755181311678
6386,ENSG00000168477,477.696106457969
6387,ENSG00000168487,443.088586128027
6388,ENSG00000168488,386.520091038677
6389,ENSG00000168495,325.727555074509
6390,ENSG00000168496,276.496983343204
6391,ENSG00000168502,374.01069944918703
6392,ENSG00000168522,342.619926350823
6393,ENSG00000168538,609.366152143858
6394,ENSG00000168564,69.4170694506839
6395,ENSG00000168566,277.212380374269
6396,ENSG00000168569,1270.96035121354
6397,ENSG00000168575,164.26201137995
6398,ENSG00000168591,237.32405241870498
6399,ENSG00000168610,461.033885658736
6400,ENSG00000168612,61.749408466093705
6401,ENSG00000168615,306.424471073595
6402,ENSG00000168653,650.376744715753
6403,ENSG00000168661,161.121514361583
6404,ENSG00000168701,244.848093720699
6405,ENSG00000168710,614.748343925849
6406,ENSG00000168724,381.956829796444
6407,ENSG00000168734,443.15086905295
6408,ENSG00000168754,1304.2000837002802
6409,ENSG00000168758,169.590759850896
6410,ENSG00000168765,1791.31851705196
6411,ENSG00000168769,135.07834919479998
6412,ENSG00000168795,85.1591376498344
6413,ENSG00000168802,127.18707938302201
6414,ENSG00000168803,276.759673760625
6415,ENSG00000168813,113.37539788485
6416,ENSG00000168818,218.21106619561698
6417,ENSG00000168827,361.26662631733495
6418,ENSG00000168872,319.035854417808
6419,ENSG00000168876,65.1733023487461
6420,ENSG00000168883,218.72386226026902
6421,ENSG00000168884,332.364881077926
6422,ENSG00000168887,649.444262341435
6423,ENSG00000168890,747.557532264157
6424,ENSG00000168894,420.330082899251
6425,ENSG00000168906,234.092477914878
6426,ENSG00000168916,198.902035174305
6427,ENSG00000168924,497.060336543189
6428,ENSG00000168944,236.48244603855701
6429,ENSG00000168958,915.0309351887331
6430,ENSG00000168961,189.463365434684
6431,ENSG00000168970,180.525352750792
6432,ENSG00000169016,124.14235307985399
6433,ENSG00000169018,126.75433252296101
6434,ENSG00000169020,537.475130013755
6435,ENSG00000169021,318.296363122281
6436,ENSG00000169032,561.692583517927
6437,ENSG00000169045,1286.00996861391
6438,ENSG00000169057,208.545317256412
6439,ENSG00000169062,368.219581053698
6440,ENSG00000169071,331.517730678228
6441,ENSG00000169118,112.62319489835899
6442,ENSG00000169131,162.445016151355
6443,ENSG00000169136,511.398350453339
6444,ENSG00000169139,341.792799614528
6445,ENSG00000169155,92.5585530776399
6446,ENSG00000169169,331.503566760042
6447,ENSG00000169180,476.279278956193
6448,ENSG00000169188,640.706613855976
6449,ENSG00000169189,1676.1764055442902
6450,ENSG00000169217,275.012306047313
6451,ENSG00000169220,989.990661042088
6452,ENSG00000169221,258.32381340304
6453,ENSG00000169223,516.618208908361
6454,ENSG00000169228,771.402819155298
6455,ENSG00000169230,613.3255528353781
6456,ENSG00000169241,2176.51125384079
6457,ENSG00000169242,131.059056832321
6458,ENSG00000169249,237.634325073316
6459,ENSG00000169251,309.023315678354
6460,ENSG00000169288,164.795137909165
6461,ENSG00000169299,1527.54785634861
6462,ENSG00000169359,332.872108100832
6463,ENSG00000169371,263.763660794077
6464,ENSG00000169375,114.519974610243
6465,ENSG00000169398,159.505435917428
6466,ENSG00000169410,511.108381663859
6467,ENSG00000169429,70.90062261633341
6468,ENSG00000169432,900.0513861497591
6469,ENSG00000169442,426.144070040937
6470,ENSG00000169446,304.857167704056
6471,ENSG00000169490,144.730219993415
6472,ENSG00000169499,249.782846117598
6473,ENSG00000169504,295.431489133479
6474,ENSG00000169519,514.732129235113
6475,ENSG00000169548,72.4606258135735
6476,ENSG00000169550,380.85673791374603
6477,ENSG00000169554,77.7002484754062
6478,ENSG00000169567,795.1285301732
6479,ENSG00000169592,300.505032018902
6480,ENSG00000169598,124.39314412846001
6481,ENSG00000169599,347.42551894005095
6482,ENSG00000169604,122.988920124857
6483,ENSG00000169607,127.914460449116
6484,ENSG00000169612,156.607493832222
6485,ENSG00000169635,201.12513736613099
6486,ENSG00000169641,70.36751306542979
6487,ENSG00000169679,390.545035511092
6488,ENSG00000169682,688.5862169958631
6489,ENSG00000169683,624.35930274626
6490,ENSG00000169684,955.381917418194
6491,ENSG00000169689,2115.89326426222
6492,ENSG00000169692,403.96737797838796
6493,ENSG00000169696,464.749760492171
6494,ENSG00000169710,945.1584172477029
6495,ENSG00000169714,673.164384438506
6496,ENSG00000169718,883.704624054525
6497,ENSG00000169727,1273.9235931456199
6498,ENSG00000169733,842.714577821023
6499,ENSG00000169738,1911.55466993901
6500,ENSG00000169756,386.754632081481
6501,ENSG00000169762,209.624998614914
6502,ENSG00000169764,396.888009099617
6503,ENSG00000169813,223.17830295135502
6504,ENSG00000169814,149.114502137842
6505,ENSG00000169857,385.75326584660104
6506,ENSG00000169871,204.912841546306
6507,ENSG00000169895,485.12703939292396
6508,ENSG00000169896,1340.92190885588
6509,ENSG00000169905,221.36768224185397
6510,ENSG00000169914,146.478790910021
6511,ENSG00000169919,743.7078965760851
6512,ENSG00000169925,412.23866329458997
6513,ENSG00000169951,92.41193542283241
6514,ENSG00000169967,95.18855854033171
6515,ENSG00000169972,826.241470776358
6516,ENSG00000169981,52.226977557021
6517,ENSG00000169992,648.038973329167
6518,ENSG00000170004,707.0980052187599
6519,ENSG00000170027,269.731857995464
6520,ENSG00000170035,915.792625397211
6521,ENSG00000170037,292.321505455377
6522,ENSG00000170043,935.546688442353
6523,ENSG00000170049,32.0525363842399
6524,ENSG00000170085,302.760091769818
6525,ENSG00000170088,453.241858789888
6526,ENSG00000170142,1531.2945232560999
6527,ENSG00000170144,391.432590599962
6528,ENSG00000170145,213.187448393012
6529,ENSG00000170180,913.721454532395
6530,ENSG00000170185,187.017512129933
6531,ENSG00000170234,288.49589667811796
6532,ENSG00000170242,273.382032637205
6533,ENSG00000170248,353.67096537082705
6534,ENSG00000170260,131.845221489838
6535,ENSG00000170265,165.85233188338
6536,ENSG00000170266,241.130055448419
6537,ENSG00000170271,192.73973627024102
6538,ENSG00000170275,1273.74138523021
6539,ENSG00000170291,217.91474730569598
6540,ENSG00000170296,560.153742931393
6541,ENSG00000170312,337.26997672507304
6542,ENSG00000170315,306.979282346153
6543,ENSG00000170322,292.216193475748
6544,ENSG00000170325,214.770944102924
6545,ENSG00000170340,133.062527618425
6546,ENSG00000170345,60.9508263084531
6547,ENSG00000170348,586.6031783282799
6548,ENSG00000170364,146.755184201257
6549,ENSG00000170385,61.3013394998938
6550,ENSG00000170412,336.657535431311
6551,ENSG00000170421,246.300997056632
6552,ENSG00000170445,440.40179609105695
6553,ENSG00000170448,448.53429133144203
6554,ENSG00000170456,162.721192282386
6555,ENSG00000170471,317.952449625833
6556,ENSG00000170473,159.418728361501
6557,ENSG00000170500,77.84875271467641
6558,ENSG00000170502,411.04617429026604
6559,ENSG00000170515,643.032049049739
6560,ENSG00000170522,1028.95476350414
6561,ENSG00000170525,136.2308768899
6562,ENSG00000170537,159.18187897839198
6563,ENSG00000170540,214.172249686101
6564,ENSG00000170542,571.127123232435
6565,ENSG00000170581,475.94839340053
6566,ENSG00000170584,331.567261409767
6567,ENSG00000170606,534.253700568088
6568,ENSG00000170619,152.459731453095
6569,ENSG00000170627,442.605823370709
6570,ENSG00000170631,59.6333606863737
6571,ENSG00000170632,1038.6662637051
6572,ENSG00000170633,292.357729041721
6573,ENSG00000170638,753.227092789048
6574,ENSG00000170653,225.996558764231
6575,ENSG00000170689,433.547202813889
6576,ENSG00000170734,119.450722615289
6577,ENSG00000170759,231.86570478302502
6578,ENSG00000170779,143.885079924492
6579,ENSG00000170791,519.89817386694
6580,ENSG00000170802,177.755254306958
6581,ENSG00000170832,268.19044322324
6582,ENSG00000170835,282.951120370637
6583,ENSG00000170836,71.0987986204796
6584,ENSG00000170846,342.91466611491296
6585,ENSG00000170852,147.38454505002
6586,ENSG00000170854,935.574094897491
6587,ENSG00000170860,487.199820180675
6588,ENSG00000170871,86.8977697147906
6589,ENSG00000170876,148.76067958985598
6590,ENSG00000170881,111.87057041866899
6591,ENSG00000170889,485.26362813967995
6592,ENSG00000170892,232.763398819739
6593,ENSG00000170903,193.292619610065
6594,ENSG00000170906,417.287003945099
6595,ENSG00000170919,495.440233562675
6596,ENSG00000170949,189.183139635984
6597,ENSG00000171055,902.7727534309461
6598,ENSG00000171067,516.409791472469
6599,ENSG00000171097,969.805006824937
6600,ENSG00000171103,540.985025524907
6601,ENSG00000171109,337.473395637139
6602,ENSG00000171135,96.8028791955604
6603,ENSG00000171148,415.015667186307
6604,ENSG00000171155,532.157387287329
6605,ENSG00000171159,2080.54938284833
6606,ENSG00000171161,316.689525650349
6607,ENSG00000171163,663.386628797691
6608,ENSG00000171169,173.036453680741
6609,ENSG00000171202,1586.3459300825598
6610,ENSG00000171204,1146.08189281053
6611,ENSG00000171206,253.19850940631198
6612,ENSG00000171219,343.918890741335
6613,ENSG00000171222,643.3578272174469
6614,ENSG00000171236,452.80515142193
6615,ENSG00000171241,165.837948342783
6616,ENSG00000171262,570.016147231298
6617,ENSG00000171295,115.73890704678301
6618,ENSG00000171302,335.221728912708
6619,ENSG00000171310,292.807791549629
6620,ENSG00000171311,686.8805497066639
6621,ENSG00000171314,377.11813797870104
6622,ENSG00000171320,160.79418955110398
6623,ENSG00000171345,314.514060220014
6624,ENSG00000171365,802.653496158272
6625,ENSG00000171421,400.104835374579
6626,ENSG00000171425,139.624736487977
6627,ENSG00000171428,133.505953930745
6628,ENSG00000171453,168.397758290841
6629,ENSG00000171456,176.920189977504
6630,ENSG00000171466,169.841928581167
6631,ENSG00000171467,123.373569258577
6632,ENSG00000171469,99.51497723953871
6633,ENSG00000171475,216.580710119476
6634,ENSG00000171488,456.176491692648
6635,ENSG00000171490,473.966960706398
6636,ENSG00000171492,437.89518341910104
6637,ENSG00000171497,573.893004098555
6638,ENSG00000171503,585.912502576896
6639,ENSG00000171530,688.211352584195
6640,ENSG00000171552,913.092320299991
6641,ENSG00000171566,375.67238091582
6642,ENSG00000171574,107.73420430591699
6643,ENSG00000171603,406.33341384883204
6644,ENSG00000171604,121.835855077302
6645,ENSG00000171606,136.617119047626
6646,ENSG00000171608,154.005230400917
6647,ENSG00000171612,243.64020607578098
6648,ENSG00000171617,123.14066105213999
6649,ENSG00000171621,74.48470423840921
6650,ENSG00000171634,155.169368430133
6651,ENSG00000171681,98.8753681808808
6652,ENSG00000171720,533.528351890518
6653,ENSG00000171723,116.08987371827699
6654,ENSG00000171729,168.690862378104
6655,ENSG00000171735,150.998534484174
6656,ENSG00000171763,38.54143244809379
6657,ENSG00000171772,3499.61267204382
6658,ENSG00000171792,298.662179185369
6659,ENSG00000171793,263.145812555125
6660,ENSG00000171806,82.7865034564866
6661,ENSG00000171824,256.490701445832
6662,ENSG00000171848,229.676250259441
6663,ENSG00000171853,337.149079733002
6664,ENSG00000171858,754.641576981963
6665,ENSG00000171861,193.126263929206
6666,ENSG00000171862,339.171743758918
6667,ENSG00000171863,587.987602176799
6668,ENSG00000171865,214.76938990406398
6669,ENSG00000171867,443.780019837759
6670,ENSG00000171928,63.654194981039105
6671,ENSG00000171940,160.895937020863
6672,ENSG00000171943,199.353520469106
6673,ENSG00000171953,685.768845524177
6674,ENSG00000171960,451.268186590176
6675,ENSG00000171970,77.67021547124459
6676,ENSG00000171984,448.469851472404
6677,ENSG00000171988,155.04524068122498
6678,ENSG00000172007,88.68571699384809
6679,ENSG00000172009,600.8913184336039
6680,ENSG00000172037,515.245788832527
6681,ENSG00000172046,365.726855143062
6682,ENSG00000172053,793.6757204460181
6683,ENSG00000172057,230.137197712277
6684,ENSG00000172059,57.7044857987573
6685,ENSG00000172062,328.185190082224
6686,ENSG00000172071,96.3601454880415
6687,ENSG00000172081,136.985135292022
6688,ENSG00000172086,130.895516161031
6689,ENSG00000172115,542.5921062486609
6690,ENSG00000172167,154.06257357791
6691,ENSG00000172172,289.151534825397
6692,ENSG00000172175,242.51927210526
6693,ENSG00000172197,549.8811120665799
6694,ENSG00000172232,797.242292995349
6695,ENSG00000172239,312.90039609747396
6696,ENSG00000172244,306.980133623793
6697,ENSG00000172262,159.190653508829
6698,ENSG00000172269,2339.22725691455
6699,ENSG00000172270,569.4971940627449
6700,ENSG00000172273,177.522517799156
6701,ENSG00000172292,347.51357538566594
6702,ENSG00000172301,232.120745390093
6703,ENSG00000172331,373.843691765675
6704,ENSG00000172336,153.787799953242
6705,ENSG00000172339,94.4055110046761
6706,ENSG00000172340,590.310313552249
6707,ENSG00000172354,569.205862738527
6708,ENSG00000172361,73.76129291549391
6709,ENSG00000172366,1111.67272399958
6710,ENSG00000172375,198.616680808252
6711,ENSG00000172409,67.2279977304514
6712,ENSG00000172428,522.7825304411409
6713,ENSG00000172432,408.69908764863703
6714,ENSG00000172466,145.119858538736
6715,ENSG00000172493,190.82365833689
6716,ENSG00000172497,57.029675294865505
6717,ENSG00000172500,1102.82652978794
6718,ENSG00000172531,545.66471219794
6719,ENSG00000172534,300.102548550627
6720,ENSG00000172586,335.667227233111
6721,ENSG00000172590,903.118209329171
6722,ENSG00000172613,538.704851212962
6723,ENSG00000172661,336.010409965782
6724,ENSG00000172663,585.024852901986
6725,ENSG00000172667,160.7021392528
6726,ENSG00000172725,929.0956231989751
6727,ENSG00000172728,284.132679536244
6728,ENSG00000172732,304.057991979816
6729,ENSG00000172748,57.5006623210806
6730,ENSG00000172757,420.20920666505094
6731,ENSG00000172766,297.289390644365
6732,ENSG00000172771,41.6946001258895
6733,ENSG00000172775,1159.7734523454499
6734,ENSG00000172795,393.682412392182
6735,ENSG00000172809,554.765749157811
6736,ENSG00000172830,46.157569983140704
6737,ENSG00000172831,270.758522853192
6738,ENSG00000172840,394.907158152725
6739,ENSG00000172845,145.005981039364
6740,ENSG00000172869,350.31130814200895
6741,ENSG00000172878,1496.47639712805
6742,ENSG00000172888,206.302626276243
6743,ENSG00000172889,502.842516243283
6744,ENSG00000172890,314.92347818883
6745,ENSG00000172893,1212.6564359972501
6746,ENSG00000172922,309.15264437873697
6747,ENSG00000172932,285.15319047193697
6748,ENSG00000172936,382.28943078167396
6749,ENSG00000172939,301.93581749729697
6750,ENSG00000172940,3.7503330699588
6751,ENSG00000172943,570.379990324087
6752,ENSG00000172954,224.304921246636
6753,ENSG00000172965,201.38099333829499
6754,ENSG00000172977,152.629919832762
6755,ENSG00000172992,985.770365737785
6756,ENSG00000173020,509.70403536898203
6757,ENSG00000173039,273.30393529699796
6758,ENSG00000173041,380.157659635431
6759,ENSG00000173064,202.315864757145
6760,ENSG00000173065,197.78568929004902
6761,ENSG00000173085,149.605889843547
6762,ENSG00000173113,427.86867360797095
6763,ENSG00000173120,84.4032987528166
6764,ENSG00000173145,431.24905859976303
6765,ENSG00000173153,410.54478100098197
6766,ENSG00000173166,127.666671803478
6767,ENSG00000173171,330.106155680327
6768,ENSG00000173193,751.153985791587
6769,ENSG00000173207,409.94977284105903
6770,ENSG00000173209,158.349314277125
6771,ENSG00000173214,168.169365053891
6772,ENSG00000173218,206.010341727808
6773,ENSG00000173226,641.5978882078559
6774,ENSG00000173230,197.798713533854
6775,ENSG00000173261,48.3413320583437
6776,ENSG00000173272,1447.25346997189
6777,ENSG00000173273,337.329595780943
6778,ENSG00000173275,302.963795888814
6779,ENSG00000173276,112.789383443221
6780,ENSG00000173281,83.15850125348071
6781,ENSG00000173327,157.709993152924
6782,ENSG00000173334,52.933083579555294
6783,ENSG00000173366,851.119673858557
6784,ENSG00000173409,761.5871999505631
6785,ENSG00000173418,502.47368376486196
6786,ENSG00000173436,720.8552134733369
6787,ENSG00000173442,565.492891941593
6788,ENSG00000173451,122.462604716603
6789,ENSG00000173457,451.92856985003306
6790,ENSG00000173465,232.10326017442998
6791,ENSG00000173473,283.305315864861
6792,ENSG00000173486,397.79681132053
6793,ENSG00000173511,1511.5687641154502
6794,ENSG00000173517,74.50596019469391
6795,ENSG00000173540,282.894869846698
6796,ENSG00000173542,348.886697810038
6797,ENSG00000173545,116.941833860091
6798,ENSG00000173548,225.587153214805
6799,ENSG00000173559,98.65495200702551
6800,ENSG00000173575,93.7768477234136
6801,ENSG00000173598,1018.4211298132901
6802,ENSG00000173599,307.75465702330104
6803,ENSG00000173611,240.506269196424
6804,ENSG00000173614,244.055859606665
6805,ENSG00000173653,153.007401864279
6806,ENSG00000173660,519.637967004444
6807,ENSG00000173674,492.069606269753
6808,ENSG00000173681,105.76988344979999
6809,ENSG00000173692,248.651086023154
6810,ENSG00000173726,608.822917952855
6811,ENSG00000173728,277.433512853617
6812,ENSG00000173744,416.59225110721803
6813,ENSG00000173757,1276.82840751258
6814,ENSG00000173801,336.783844672104
6815,ENSG00000173812,361.860521910725
6816,ENSG00000173821,560.945002357583
6817,ENSG00000173846,70.6272540872232
6818,ENSG00000173848,388.961022998056
6819,ENSG00000173852,1133.42387215438
6820,ENSG00000173875,43.8578068537809
6821,ENSG00000173889,156.534515902777
6822,ENSG00000173894,188.02060235467602
6823,ENSG00000173898,647.639519252108
6824,ENSG00000173905,362.52419252394
6825,ENSG00000173914,65.9076385325734
6826,ENSG00000173915,675.84372753171
6827,ENSG00000173917,138.646834594914
6828,ENSG00000173926,139.135903920728
6829,ENSG00000173928,40.4858225084526
6830,ENSG00000173933,104.097248918651
6831,ENSG00000173960,270.40383737882
6832,ENSG00000173991,69.8828235687929
6833,ENSG00000173992,646.849422834743
6834,ENSG00000174004,233.42536355029597
6835,ENSG00000174010,87.21689686518721
6836,ENSG00000174013,333.768557552937
6837,ENSG00000174021,527.770131092119
6838,ENSG00000174080,673.2403116078959
6839,ENSG00000174109,182.61386547818802
6840,ENSG00000174151,55.0670040505589
6841,ENSG00000174173,124.489894651425
6842,ENSG00000174177,1141.3373864567698
6843,ENSG00000174197,197.74861234628202
6844,ENSG00000174227,328.876400167743
6845,ENSG00000174231,407.693453276714
6846,ENSG00000174238,313.387133420189
6847,ENSG00000174243,320.312389261745
6848,ENSG00000174353,67.4601599883985
6849,ENSG00000174358,161.425936626949
6850,ENSG00000174365,135.113578413058
6851,ENSG00000174371,153.543861921462
6852,ENSG00000174373,178.91010981131902
6853,ENSG00000174437,306.917998081764
6854,ENSG00000174442,428.01071696499804
6855,ENSG00000174444,1214.17479819685
6856,ENSG00000174446,251.34049269335898
6857,ENSG00000174483,182.936273725556
6858,ENSG00000174501,146.929644977037
6859,ENSG00000174547,662.177323327851
6860,ENSG00000174564,222.59112483105
6861,ENSG00000174574,311.353574605344
6862,ENSG00000174579,125.27107927636601
6863,ENSG00000174606,269.722425070219
6864,ENSG00000174607,429.269656622295
6865,ENSG00000174652,273.345931063529
6866,ENSG00000174669,916.376264564782
6867,ENSG00000174695,382.44489656153297
6868,ENSG00000174718,191.691820103348
6869,ENSG00000174720,307.319057624594
6870,ENSG00000174738,153.637024485583
6871,ENSG00000174744,179.184811993611
6872,ENSG00000174748,900.596750458396
6873,ENSG00000174749,358.263147588266
6874,ENSG00000174775,416.993689000596
6875,ENSG00000174780,386.613661391542
6876,ENSG00000174796,68.7630840944985
6877,ENSG00000174799,196.707643412616
6878,ENSG00000174804,151.945687186575
6879,ENSG00000174839,377.82360403345496
6880,ENSG00000174840,257.047597084583
6881,ENSG00000174842,621.566761952698
6882,ENSG00000174851,1323.7999244529901
6883,ENSG00000174871,52.295079777519796
6884,ENSG00000174886,293.191106003706
6885,ENSG00000174891,234.45081146986698
6886,ENSG00000174903,492.52883572334395
6887,ENSG00000174915,540.570993575078
6888,ENSG00000174917,1047.96737154755
6889,ENSG00000174943,410.435725160658
6890,ENSG00000174953,244.92129656024798
6891,ENSG00000174989,311.794479831352
6892,ENSG00000174996,265.95108746808603
6893,ENSG00000175003,47.9026791470864
6894,ENSG00000175054,519.697394850611
6895,ENSG00000175061,629.2364729040161
6896,ENSG00000175063,39.0466574860674
6897,ENSG00000175066,533.311765492639
6898,ENSG00000175073,92.25079278733541
6899,ENSG00000175087,182.69908748927298
6900,ENSG00000175104,131.045512322711
6901,ENSG00000175105,226.02575575801498
6902,ENSG00000175110,265.888820860313
6903,ENSG00000175115,693.513758712361
6904,ENSG00000175137,156.682502177657
6905,ENSG00000175164,408.12040262091006
6906,ENSG00000175166,523.8504838325271
6907,ENSG00000175193,364.577925007893
6908,ENSG00000175197,135.940068697533
6909,ENSG00000175203,961.592581491726
6910,ENSG00000175213,65.1326267466311
6911,ENSG00000175215,238.20548529034
6912,ENSG00000175216,311.280294257786
6913,ENSG00000175220,332.676618814642
6914,ENSG00000175221,310.68992540753396
6915,ENSG00000175224,191.199399380542
6916,ENSG00000175279,431.053662622948
6917,ENSG00000175305,78.55517480130071
6918,ENSG00000175309,1116.30407863154
6919,ENSG00000175324,182.41283102584202
6920,ENSG00000175334,760.2286529807491
6921,ENSG00000175348,183.750980094081
6922,ENSG00000175352,661.052519763919
6923,ENSG00000175354,286.477617194686
6924,ENSG00000175376,122.894466183929
6925,ENSG00000175387,231.39495592444598
6926,ENSG00000175390,739.7025611568421
6927,ENSG00000175416,810.073919399222
6928,ENSG00000175449,49.2688709997484
6929,ENSG00000175455,834.4082479013631
6930,ENSG00000175467,318.137496599235
6931,ENSG00000175470,232.126249207242
6932,ENSG00000175482,732.1748530372549
6933,ENSG00000175548,461.17395801010804
6934,ENSG00000175550,817.0417596075521
6935,ENSG00000175556,181.131560406968
6936,ENSG00000175564,56.1073388045368
6937,ENSG00000175567,799.237092580679
6938,ENSG00000175581,335.146786543326
6939,ENSG00000175582,612.761677168106
6940,ENSG00000175592,179.56770114294702
6941,ENSG00000175595,215.05798967435902
6942,ENSG00000175606,146.925407584635
6943,ENSG00000175634,713.023933911603
6944,ENSG00000175662,275.13116792187304
6945,ENSG00000175691,157.594289723994
6946,ENSG00000175701,169.774937155623
6947,ENSG00000175711,416.08131589109297
6948,ENSG00000175727,488.765092876608
6949,ENSG00000175756,1998.8475824895897
6950,ENSG00000175768,391.163147935972
6951,ENSG00000175782,228.622448034982
6952,ENSG00000175792,626.596334094879
6953,ENSG00000175826,509.72789156133103
6954,ENSG00000175832,3021.0789792284804
6955,ENSG00000175854,677.154382181747
6956,ENSG00000175866,125.507276715366
6957,ENSG00000175893,2015.59108472371
6958,ENSG00000175895,94.66954485121799
6959,ENSG00000175931,332.957485963195
6960,ENSG00000175938,405.989050048798
6961,ENSG00000175970,608.27548608469
6962,ENSG00000176014,246.004817802911
6963,ENSG00000176018,284.380119866339
6964,ENSG00000176024,57.952754501002
6965,ENSG00000176055,496.819682023747
6966,ENSG00000176058,213.31245865118302
6967,ENSG00000176087,307.389068090373
6968,ENSG00000176095,107.037418955626
6969,ENSG00000176101,546.657737903584
6970,ENSG00000176102,206.87457767982602
6971,ENSG00000176105,209.909868925217
6972,ENSG00000176108,331.897087078271
6973,ENSG00000176124,1245.14743063896
6974,ENSG00000176142,210.17844490798902
6975,ENSG00000176170,90.9830133380745
6976,ENSG00000176171,1245.5199081414999
6977,ENSG00000176208,163.123705858846
6978,ENSG00000176225,260.840520229589
6979,ENSG00000176248,356.879900571138
6980,ENSG00000176261,413.48291611187204
6981,ENSG00000176340,668.753855003279
6982,ENSG00000176386,492.120498299606
6983,ENSG00000176390,426.543985139846
6984,ENSG00000176393,777.115417084184
6985,ENSG00000176407,227.116250097798
6986,ENSG00000176422,57.7091386758047
6987,ENSG00000176444,162.009966870406
6988,ENSG00000176473,291.385232891609
6989,ENSG00000176476,200.520466402327
6990,ENSG00000176542,62.7878107498168
6991,ENSG00000176619,361.392989051189
6992,ENSG00000176623,843.553339823338
6993,ENSG00000176658,330.293097029674
6994,ENSG00000176714,143.564909438723
6995,ENSG00000176731,408.396894519657
6996,ENSG00000176783,328.937076406397
6997,ENSG00000176845,128.289685118891
6998,ENSG00000176853,213.564425460142
6999,ENSG00000176871,479.357802774805
7000,ENSG00000176890,619.897231207288
7001,ENSG00000176894,409.212522457794
7002,ENSG00000176915,100.68938470964001
7003,ENSG00000176946,345.259533010482
7004,ENSG00000176953,288.105057660484
7005,ENSG00000176973,124.78935215776
7006,ENSG00000176974,569.478183506013
7007,ENSG00000176978,2927.7100762627
7008,ENSG00000176986,150.93790217074698
7009,ENSG00000176994,109.801641158568
7010,ENSG00000177030,437.70594539573
7011,ENSG00000177034,188.55796814952998
7012,ENSG00000177042,207.497086718274
7013,ENSG00000177051,140.645332809849
7014,ENSG00000177054,297.496822834629
7015,ENSG00000177082,274.745882547844
7016,ENSG00000177084,250.027538481052
7017,ENSG00000177105,283.20823254571
7018,ENSG00000177119,251.416874727718
7019,ENSG00000177150,136.623613068517
7020,ENSG00000177156,771.715956273134
7021,ENSG00000177169,339.73346050632097
7022,ENSG00000177189,282.918035167609
7023,ENSG00000177192,328.43596119188
7024,ENSG00000177200,56.750701117142
7025,ENSG00000177225,230.22851134023603
7026,ENSG00000177238,45.3582205878969
7027,ENSG00000177239,397.122772417484
7028,ENSG00000177302,164.472810413995
7029,ENSG00000177311,119.589621773274
7030,ENSG00000177352,116.91595982642201
7031,ENSG00000177354,96.9893593497954
7032,ENSG00000177370,158.690482648091
7033,ENSG00000177406,1062.91436366183
7034,ENSG00000177410,164.80516176185802
7035,ENSG00000177463,124.791468152155
7036,ENSG00000177469,104.68401161653799
7037,ENSG00000177479,307.001117544975
7038,ENSG00000177485,161.240859447044
7039,ENSG00000177548,139.30978690547101
7040,ENSG00000177556,811.4917101270579
7041,ENSG00000177565,313.524426565073
7042,ENSG00000177576,275.21570900652
7043,ENSG00000177600,906.067116655778
7044,ENSG00000177628,677.4311575439041
7045,ENSG00000177646,319.610420267767
7046,ENSG00000177663,300.357460104985
7047,ENSG00000177666,445.56023857963896
7048,ENSG00000177674,2090.3251687014103
7049,ENSG00000177683,203.249391977709
7050,ENSG00000177697,440.443858572608
7051,ENSG00000177700,211.632518788157
7052,ENSG00000177728,1365.9428012538401
7053,ENSG00000177731,768.3430493090441
7054,ENSG00000177830,802.8342993476201
7055,ENSG00000177842,82.0608109940313
7056,ENSG00000177853,390.06248413934503
7057,ENSG00000177868,231.29912276875
7058,ENSG00000177873,151.574956274475
7059,ENSG00000177879,1089.95115476132
7060,ENSG00000177885,353.746165610981
7061,ENSG00000177888,142.77656148301799
7062,ENSG00000177889,281.388870143883
7063,ENSG00000177917,241.860102359113
7064,ENSG00000177951,297.062522131972
7065,ENSG00000177954,438.582780070197
7066,ENSG00000177963,267.55269706609
7067,ENSG00000177981,248.23189579310102
7068,ENSG00000178028,319.21041404655
7069,ENSG00000178035,902.842454788423
7070,ENSG00000178057,966.185846147648
7071,ENSG00000178074,117.731333191049
7072,ENSG00000178104,1788.20971167487
7073,ENSG00000178105,154.517566865853
7074,ENSG00000178127,561.72601620662
7075,ENSG00000178163,57.9696091570802
7076,ENSG00000178177,162.65430505857
7077,ENSG00000178188,217.029679841689
7078,ENSG00000178202,1041.67855157916
7079,ENSG00000178209,304.395369682968
7080,ENSG00000178229,60.275916103384105
7081,ENSG00000178234,1102.12615266587
7082,ENSG00000178252,421.266679020047
7083,ENSG00000178307,253.93146523762996
7084,ENSG00000178338,104.24768392217
7085,ENSG00000178381,127.05378090386101
7086,ENSG00000178385,59.80007048179271
7087,ENSG00000178440,224.485691394463
7088,ENSG00000178449,501.87489376299203
7089,ENSG00000178502,87.28361801193451
7090,ENSG00000178537,239.782530764416
7091,ENSG00000178538,233.66680140691602
7092,ENSG00000178607,122.749226639886
7093,ENSG00000178665,31.8826253628957
7094,ENSG00000178691,197.978083725364
7095,ENSG00000178694,125.454671969659
7096,ENSG00000178719,2409.72916305958
7097,ENSG00000178741,641.909384551579
7098,ENSG00000178761,229.148608409967
7099,ENSG00000178773,317.53485847427004
7100,ENSG00000178802,3435.8620541822997
7101,ENSG00000178814,1431.4671238718302
7102,ENSG00000178878,187.578794377496
7103,ENSG00000178882,357.66624450901395
7104,ENSG00000178896,365.89038772107
7105,ENSG00000178904,87.49253707157959
7106,ENSG00000178917,236.88161953102997
7107,ENSG00000178921,904.648646177015
7108,ENSG00000178950,332.624657104932
7109,ENSG00000178951,98.738321283221
7110,ENSG00000178952,1366.61795587265
7111,ENSG00000178971,404.048497303052
7112,ENSG00000178982,845.6312225570559
7113,ENSG00000178988,238.197046341595
7114,ENSG00000178996,458.414464298668
7115,ENSG00000178999,133.450883647796
7116,ENSG00000179010,460.0218214293
7117,ENSG00000179021,103.18037688516199
7118,ENSG00000179051,428.656389485633
7119,ENSG00000179059,122.57388683531099
7120,ENSG00000179085,1044.03260431455
7121,ENSG00000179091,618.72943409844
7122,ENSG00000179115,588.66278186589
7123,ENSG00000179119,125.17528947331002
7124,ENSG00000179141,44.683632836012
7125,ENSG00000179151,243.84915646972303
7126,ENSG00000179163,423.42400731651804
7127,ENSG00000179195,674.007923453063
7128,ENSG00000179218,626.510597561065
7129,ENSG00000179241,260.892632834256
7130,ENSG00000179262,662.8900521068219
7131,ENSG00000179271,457.796670894939
7132,ENSG00000179295,325.669671736314
7133,ENSG00000179335,101.887111043328
7134,ENSG00000179348,194.030674404091
7135,ENSG00000179361,179.840754793983
7136,ENSG00000179387,493.38654952851306
7137,ENSG00000179409,348.954919996056
7138,ENSG00000179454,85.859757037019
7139,ENSG00000179455,638.268464310187
7140,ENSG00000179523,301.72965308756403
7141,ENSG00000179526,588.671356269484
7142,ENSG00000179532,763.1658571619321
7143,ENSG00000179562,83.5766992373194
7144,ENSG00000179588,136.95596343611
7145,ENSG00000179604,115.438885820891
7146,ENSG00000179632,226.416091771646
7147,ENSG00000179750,676.3963166433809
7148,ENSG00000179818,48.1176780294616
7149,ENSG00000179820,282.076341779081
7150,ENSG00000179833,73.8640286618021
7151,ENSG00000179889,339.355573881553
7152,ENSG00000179912,670.440914536677
7153,ENSG00000179941,178.930126466732
7154,ENSG00000179943,148.58496002728901
7155,ENSG00000179950,281.50981880472
7156,ENSG00000179965,236.00210944416
7157,ENSG00000179981,120.746658296232
7158,ENSG00000179988,204.238995812582
7159,ENSG00000180008,103.45876123059
7160,ENSG00000180035,114.236431544917
7161,ENSG00000180089,212.67666141826697
7162,ENSG00000180098,404.46431676545
7163,ENSG00000180104,324.677585627598
7164,ENSG00000180182,459.570111141827
7165,ENSG00000180198,358.597179432125
7166,ENSG00000180228,556.528857589519
7167,ENSG00000180245,49.3168778239384
7168,ENSG00000180257,72.011106949001
7169,ENSG00000180263,214.401689785619
7170,ENSG00000180329,386.724409583958
7171,ENSG00000180346,71.1269272294425
7172,ENSG00000180357,399.463011030264
7173,ENSG00000180370,495.906193035604
7174,ENSG00000180376,195.034331020117
7175,ENSG00000180385,398.276557574457
7176,ENSG00000180398,780.97209713837
7177,ENSG00000180423,70.63894837140579
7178,ENSG00000180488,142.975325634238
7179,ENSG00000180530,161.165085412991
7180,ENSG00000180573,165.126085418288
7181,ENSG00000180628,233.878858698471
7182,ENSG00000180667,97.7685472249114
7183,ENSG00000180694,110.40360234651699
7184,ENSG00000180776,299.73434600551
7185,ENSG00000180817,1449.0298982863599
7186,ENSG00000180822,840.043454892965
7187,ENSG00000180855,70.084122917836
7188,ENSG00000180879,1097.29611324924
7189,ENSG00000180884,136.061211705551
7190,ENSG00000180900,656.4161136147679
7191,ENSG00000180901,134.248772180357
7192,ENSG00000180917,95.61967558853209
7193,ENSG00000180921,216.98219003710702
7194,ENSG00000180953,188.61964436488097
7195,ENSG00000180957,410.733475114407
7196,ENSG00000180964,699.6453228043381
7197,ENSG00000180979,222.09084596483999
7198,ENSG00000180992,269.348941851163
7199,ENSG00000181016,103.204425866177
7200,ENSG00000181019,546.807234658341
7201,ENSG00000181026,205.707268638564
7202,ENSG00000181027,116.87357624328101
7203,ENSG00000181035,328.719283153385
7204,ENSG00000181038,633.663600578558
7205,ENSG00000181061,1103.9054539043302
7206,ENSG00000181090,273.014663884545
7207,ENSG00000181163,546.076073992108
7208,ENSG00000181192,467.48760185324204
7209,ENSG00000181220,165.35798764262
7210,ENSG00000181222,302.989928159317
7211,ENSG00000181315,68.9533111833365
7212,ENSG00000181396,707.356768400224
7213,ENSG00000181433,26511.815773936803
7214,ENSG00000181444,131.791434328208
7215,ENSG00000181472,80.09193106133371
7216,ENSG00000181513,1167.96758587659
7217,ENSG00000181544,365.216205245709
7218,ENSG00000181555,137.495143343528
7219,ENSG00000181610,302.052653510671
7220,ENSG00000181626,449.675268352835
7221,ENSG00000181638,119.370179443344
7222,ENSG00000181649,162.66442156983
7223,ENSG00000181652,84.0848682251854
7224,ENSG00000181704,598.3594094718401
7225,ENSG00000181751,90.8582684316277
7226,ENSG00000181788,140.895857699138
7227,ENSG00000181789,355.317330750329
7228,ENSG00000181817,535.723492471442
7229,ENSG00000181826,186.71891808736999
7230,ENSG00000181827,343.023696871133
7231,ENSG00000181852,179.909851491668
7232,ENSG00000181873,119.63891286491501
7233,ENSG00000181896,128.221010071554
7234,ENSG00000181904,148.46807573021601
7235,ENSG00000181924,784.9496868020469
7236,ENSG00000181929,454.200813555147
7237,ENSG00000182004,497.66191102298103
7238,ENSG00000182054,4610.27930827996
7239,ENSG00000182087,586.839668572438
7240,ENSG00000182093,845.317893841035
7241,ENSG00000182095,134.679684942389
7242,ENSG00000182117,333.998628067453
7243,ENSG00000182118,697.008824442762
7244,ENSG00000182141,113.801302241883
7245,ENSG00000182149,407.53695602100504
7246,ENSG00000182150,82.4111006074528
7247,ENSG00000182158,182.99431180282102
7248,ENSG00000182173,683.33953872757
7249,ENSG00000182179,3563.9915781197706
7250,ENSG00000182180,555.056910758337
7251,ENSG00000182185,646.0033886240429
7252,ENSG00000182196,2739.03395410026
7253,ENSG00000182199,782.697689240312
7254,ENSG00000182208,310.679752688806
7255,ENSG00000182223,265.172540210374
7256,ENSG00000182224,59.1553056368714
7257,ENSG00000182307,188.28631465628501
7258,ENSG00000182310,13.1802907667538
7259,ENSG00000182318,72.06414405312141
7260,ENSG00000182325,813.4408864594329
7261,ENSG00000182362,176.158983314439
7262,ENSG00000182372,104.144996452724
7263,ENSG00000182400,273.240201849424
7264,ENSG00000182446,177.999300746388
7265,ENSG00000182473,628.620810071556
7266,ENSG00000182481,183.018540386673
7267,ENSG00000182504,706.072686975656
7268,ENSG00000182512,597.4822521859201
7269,ENSG00000182518,303.991983481282
7270,ENSG00000182541,389.192266026798
7271,ENSG00000182544,213.771100565821
7272,ENSG00000182551,145.429766310719
7273,ENSG00000182552,731.7360431904041
7274,ENSG00000182583,502.702823610194
7275,ENSG00000182600,169.854427514445
7276,ENSG00000182606,208.11250925316898
7277,ENSG00000182628,325.996126772203
7278,ENSG00000182648,486.33700376262
7279,ENSG00000182670,259.539992830561
7280,ENSG00000182712,3759.6882094826797
7281,ENSG00000182718,289.960036729268
7282,ENSG00000182742,177.052573905308
7283,ENSG00000182752,119.030801806783
7284,ENSG00000182768,307.951816696474
7285,ENSG00000182771,692.299458268981
7286,ENSG00000182774,685.901084675297
7287,ENSG00000182795,155.90493233230498
7288,ENSG00000182796,268.285027780492
7289,ENSG00000182827,201.960903638804
7290,ENSG00000182831,151.85683289395
7291,ENSG00000182841,89.3656664488496
7292,ENSG00000182858,796.407345268554
7293,ENSG00000182871,2588.85235282478
7294,ENSG00000182872,294.194743497857
7295,ENSG00000182899,569.726931019553
7296,ENSG00000182903,105.80928831451901
7297,ENSG00000182912,1283.2345911181
7298,ENSG00000182923,350.820589781564
7299,ENSG00000182934,392.949647833734
7300,ENSG00000182944,237.10691155207198
7301,ENSG00000182952,776.035340773725
7302,ENSG00000182973,424.46601345902803
7303,ENSG00000182979,861.216650573046
7304,ENSG00000182986,79.008339790351
7305,ENSG00000183010,4043.46832211302
7306,ENSG00000183011,618.729986034462
7307,ENSG00000183020,240.872140916156
7308,ENSG00000183032,565.0239563877369
7309,ENSG00000183048,420.50364603760397
7310,ENSG00000183060,809.455928845833
7311,ENSG00000183077,389.922777416242
7312,ENSG00000183117,101.62480526402
7313,ENSG00000183134,107.152794923227
7314,ENSG00000183137,771.768859886554
7315,ENSG00000183150,57.60456259399071
7316,ENSG00000183155,102.336733077057
7317,ENSG00000183166,233.09683759516003
7318,ENSG00000183172,881.254631575289
7319,ENSG00000183207,1816.0491702076501
7320,ENSG00000183208,60.211843113915
7321,ENSG00000183255,394.209938189244
7322,ENSG00000183258,585.203603598078
7323,ENSG00000183283,307.47144520012796
7324,ENSG00000183291,621.543582989284
7325,ENSG00000183337,89.82554813899391
7326,ENSG00000183340,236.140705444194
7327,ENSG00000183386,229.625363172645
7328,ENSG00000183401,2305.93497354788
7329,ENSG00000183431,193.519476682625
7330,ENSG00000183458,429.100518693644
7331,ENSG00000183475,105.068553691776
7332,ENSG00000183495,232.809130481744
7333,ENSG00000183506,253.913084861327
7334,ENSG00000183508,136.641514454786
7335,ENSG00000183513,1357.1307115059801
7336,ENSG00000183520,224.74098536622898
7337,ENSG00000183527,659.459146444968
7338,ENSG00000183530,159.460474735738
7339,ENSG00000183576,615.799896834827
7340,ENSG00000183579,138.38878144906099
7341,ENSG00000183605,502.06343295957197
7342,ENSG00000183617,243.894486178829
7343,ENSG00000183624,396.207537008771
7344,ENSG00000183647,102.071892320528
7345,ENSG00000183648,655.463480392955
7346,ENSG00000183666,92.6486546478874
7347,ENSG00000183684,223.89500688644299
7348,ENSG00000183696,51.2176779707932
7349,ENSG00000183726,491.92973346593396
7350,ENSG00000183735,307.921993448671
7351,ENSG00000183741,364.872652940199
7352,ENSG00000183742,329.793504204626
7353,ENSG00000183751,528.84067487637
7354,ENSG00000183763,268.462553967988
7355,ENSG00000183785,52.45647870154329
7356,ENSG00000183808,191.99508080080798
7357,ENSG00000183814,153.57148340971
7358,ENSG00000183826,98.54144074150591
7359,ENSG00000183828,9427.160732405458
7360,ENSG00000183853,400.59043798868
7361,ENSG00000183856,349.50814784028097
7362,ENSG00000183864,105.040744455853
7363,ENSG00000183943,508.84846250564794
7364,ENSG00000183955,183.493555231662
7365,ENSG00000183963,370.405006647798
7366,ENSG00000183978,887.012844512862
7367,ENSG00000184007,334.882933393859
7368,ENSG00000184009,361.479992399365
7369,ENSG00000184014,184.65538412930303
7370,ENSG00000184029,362.10589067488297
7371,ENSG00000184047,290.935839674718
7372,ENSG00000184056,250.701038982102
7373,ENSG00000184058,825.158300111267
7374,ENSG00000184076,333.778726078496
7375,ENSG00000184110,957.223897037348
7376,ENSG00000184162,392.761722053239
7377,ENSG00000184164,407.32289629693605
7378,ENSG00000184178,140.84705732225
7379,ENSG00000184182,314.48151148952803
7380,ENSG00000184203,294.340186709423
7381,ENSG00000184205,146.149942967698
7382,ENSG00000184208,179.091237262878
7383,ENSG00000184209,255.649950221771
7384,ENSG00000184216,579.789920970543
7385,ENSG00000184220,734.955720082941
7386,ENSG00000184232,3801.48183933675
7387,ENSG00000184277,174.413206959868
7388,ENSG00000184281,104.53138513183201
7389,ENSG00000184319,390.52609910480794
7390,ENSG00000184363,815.004893715748
7391,ENSG00000184371,127.310529992761
7392,ENSG00000184381,759.457943368107
7393,ENSG00000184384,129.424646250997
7394,ENSG00000184402,139.053941318499
7395,ENSG00000184428,852.212074722295
7396,ENSG00000184432,308.58577707595504
7397,ENSG00000184436,122.59979563736799
7398,ENSG00000184445,448.711034341327
7399,ENSG00000184470,301.631336101022
7400,ENSG00000184481,474.328671422278
7401,ENSG00000184489,954.4914274125861
7402,ENSG00000184500,1759.15256567689
7403,ENSG00000184508,720.8093744247279
7404,ENSG00000184517,185.898421334536
7405,ENSG00000184545,117.19432909176099
7406,ENSG00000184574,132.142784391987
7407,ENSG00000184575,441.435136627735
7408,ENSG00000184584,1323.66606850335
7409,ENSG00000184634,513.38396971253
7410,ENSG00000184640,417.09320342049796
7411,ENSG00000184661,144.05325162782898
7412,ENSG00000184677,212.745618029839
7413,ENSG00000184702,237.33562545263902
7414,ENSG00000184743,549.964365546487
7415,ENSG00000184752,482.578180486485
7416,ENSG00000184787,479.91143018142503
7417,ENSG00000184840,541.782052179701
7418,ENSG00000184857,201.895918397813
7419,ENSG00000184863,129.346143470165
7420,ENSG00000184900,295.47820407231603
7421,ENSG00000184922,1073.67605835605
7422,ENSG00000184924,161.078455121439
7423,ENSG00000184937,407.873398278297
7424,ENSG00000184967,870.873772911053
7425,ENSG00000184983,374.690219058741
7426,ENSG00000184990,358.99637428244796
7427,ENSG00000185000,1386.44429548666
7428,ENSG00000185009,447.41731557965795
7429,ENSG00000185024,294.82912501883
7430,ENSG00000185043,613.730935041363
7431,ENSG00000185049,373.790626024498
7432,ENSG00000185065,73.77546811825279
7433,ENSG00000185085,105.99420112330601
7434,ENSG00000185088,530.167568326271
7435,ENSG00000185104,437.699295391527
7436,ENSG00000185122,585.19370166487
7437,ENSG00000185133,1540.06261265799
7438,ENSG00000185158,51.7960699844861
7439,ENSG00000185163,401.445603762068
7440,ENSG00000185164,416.132726783762
7441,ENSG00000185187,851.602401373741
7442,ENSG00000185189,775.8036706728099
7443,ENSG00000185215,268.863472361655
7444,ENSG00000185219,139.818435849713
7445,ENSG00000185220,123.561605069204
7446,ENSG00000185222,367.653475680847
7447,ENSG00000185236,525.675271750564
7448,ENSG00000185238,584.967885491466
7449,ENSG00000185246,242.60048921837102
7450,ENSG00000185262,192.08520240222697
7451,ENSG00000185278,89.15446710635109
7452,ENSG00000185298,195.47327267671798
7453,ENSG00000185305,486.850193972086
7454,ENSG00000185324,422.15481825307404
7455,ENSG00000185338,25.1213613172477
7456,ENSG00000185340,187.896515814652
7457,ENSG00000185344,371.14101804556
7458,ENSG00000185347,211.263005132752
7459,ENSG00000185359,352.536572160606
7460,ENSG00000185379,384.142191858537
7461,ENSG00000185404,342.475403855509
7462,ENSG00000185414,578.205908134403
7463,ENSG00000185418,127.88848280366001
7464,ENSG00000185420,392.623365821435
7465,ENSG00000185475,711.41970317552
7466,ENSG00000185480,475.23244254377096
7467,ENSG00000185482,145.452058050636
7468,ENSG00000185485,60.0718705239657
7469,ENSG00000185504,270.986311326379
7470,ENSG00000185515,260.388413940617
7471,ENSG00000185551,135.919217224254
7472,ENSG00000185591,142.900924830311
7473,ENSG00000185596,194.42298336336398
7474,ENSG00000185608,759.3471018721091
7475,ENSG00000185619,243.154830869542
7476,ENSG00000185624,470.35243185367403
7477,ENSG00000185627,505.252918527227
7478,ENSG00000185650,173.81713156306702
7479,ENSG00000185651,285.62257857126303
7480,ENSG00000185658,180.76618071249803
7481,ENSG00000185670,60.137076477378905
7482,ENSG00000185686,243.13180882870202
7483,ENSG00000185716,213.448547853377
7484,ENSG00000185721,337.114362461854
7485,ENSG00000185722,225.37116068857398
7486,ENSG00000185728,143.035960944123
7487,ENSG00000185753,315.775605182924
7488,ENSG00000185787,344.826455726128
7489,ENSG00000185798,126.477816136702
7490,ENSG00000185800,251.35636824098899
7491,ENSG00000185803,626.693967514802
7492,ENSG00000185808,646.1066582552249
7493,ENSG00000185813,287.16463757093396
7494,ENSG00000185825,666.171507679937
7495,ENSG00000185838,420.703084137501
7496,ENSG00000185842,6339.686741130689
7497,ENSG00000185862,149.287423098094
7498,ENSG00000185883,507.275233010861
7499,ENSG00000185885,2508.43509296851
7500,ENSG00000185896,432.306715387153
7501,ENSG00000185900,199.834197253841
7502,ENSG00000185917,123.61088466252899
7503,ENSG00000185946,83.3384478587359
7504,ENSG00000185947,56.2519983077346
7505,ENSG00000185950,116.273689260851
7506,ENSG00000185963,123.31225241491998
7507,ENSG00000185973,417.65623485607
7508,ENSG00000185986,166.800243779322
7509,ENSG00000185989,417.88805341834
7510,ENSG00000186001,228.543001036195
7511,ENSG00000186010,607.311113703011
7512,ENSG00000186017,190.84951287117198
7513,ENSG00000186056,147.044607440124
7514,ENSG00000186063,410.00868548559
7515,ENSG00000186073,693.186582657323
7516,ENSG00000186104,558.554586234079
7517,ENSG00000186106,471.63383168963895
7518,ENSG00000186111,230.948865717905
7519,ENSG00000186130,49.985979128534495
7520,ENSG00000186141,140.233651935954
7521,ENSG00000186162,143.431225919007
7522,ENSG00000186166,191.910967768553
7523,ENSG00000186174,111.564983705529
7524,ENSG00000186184,595.235995871327
7525,ENSG00000186185,246.786224744376
7526,ENSG00000186230,321.114190297013
7527,ENSG00000186260,201.833542701526
7528,ENSG00000186272,72.8533757677681
7529,ENSG00000186280,57.47212300113979
7530,ENSG00000186283,376.982021914232
7531,ENSG00000186298,514.15318719077
7532,ENSG00000186312,244.850392516739
7533,ENSG00000186350,361.58486088467697
7534,ENSG00000186352,79.8418663475224
7535,ENSG00000186364,246.061716354901
7536,ENSG00000186376,259.49654320113996
7537,ENSG00000186395,286.644096072336
7538,ENSG00000186416,159.461115438148
7539,ENSG00000186432,297.856356584116
7540,ENSG00000186448,200.115047784396
7541,ENSG00000186468,872.2906429689231
7542,ENSG00000186480,566.524345002648
7543,ENSG00000186501,164.97228521411
7544,ENSG00000186522,725.712328429752
7545,ENSG00000186532,154.034090060298
7546,ENSG00000186566,123.68062373832399
7547,ENSG00000186575,419.744308653919
7548,ENSG00000186577,566.610874379196
7549,ENSG00000186591,306.530352613194
7550,ENSG00000186594,97.7339395478379
7551,ENSG00000186625,261.655725017803
7552,ENSG00000186635,469.71992760169604
7553,ENSG00000186638,127.820619337411
7554,ENSG00000186652,1057.26854492488
7555,ENSG00000186654,93.5614965608688
7556,ENSG00000186660,179.393554004271
7557,ENSG00000186665,2070.8576152692003
7558,ENSG00000186666,108.388294072695
7559,ENSG00000186787,539.960760983138
7560,ENSG00000186806,157.51636944759
7561,ENSG00000186812,444.102790283489
7562,ENSG00000186814,544.265966081884
7563,ENSG00000186815,418.63695617410303
7564,ENSG00000186866,651.506074543926
7565,ENSG00000186908,195.644059482565
7566,ENSG00000186998,1032.2721594398
7567,ENSG00000187010,621.1158647766861
7568,ENSG00000187049,230.640612707388
7569,ENSG00000187051,330.431581920005
7570,ENSG00000187079,267.773707058954
7571,ENSG00000187109,2469.3117706707103
7572,ENSG00000187118,11293.7129180432
7573,ENSG00000187134,628.526408856138
7574,ENSG00000187147,280.833934686191
7575,ENSG00000187164,325.40835615324403
7576,ENSG00000187172,199.862978695082
7577,ENSG00000187187,91.74835156067881
7578,ENSG00000187193,109.757897668356
7579,ENSG00000187239,576.948100544786
7580,ENSG00000187257,246.262623818205
7581,ENSG00000187266,970.4319579372681
7582,ENSG00000187325,1276.04872710335
7583,ENSG00000187446,495.718288980179
7584,ENSG00000187514,437.698586828197
7585,ENSG00000187522,256.377536842526
7586,ENSG00000187555,237.62960922285598
7587,ENSG00000187605,185.572359082284
7588,ENSG00000187607,295.722797111238
7589,ENSG00000187626,94.62356221373591
7590,ENSG00000187634,70.24511638048739
7591,ENSG00000187678,118.112290872218
7592,ENSG00000187688,1212.12064349879
7593,ENSG00000187699,814.619392342106
7594,ENSG00000187735,785.278802214406
7595,ENSG00000187736,172.61704502669102
7596,ENSG00000187742,356.450467804233
7597,ENSG00000187772,588.409412703752
7598,ENSG00000187778,213.546811441772
7599,ENSG00000187790,212.00883453543
7600,ENSG00000187792,101.089002203954
7601,ENSG00000187796,85.7502245767243
7602,ENSG00000187800,101.77370212043199
7603,ENSG00000187801,107.527443705012
7604,ENSG00000187815,623.034610801028
7605,ENSG00000187840,1400.4073306747
7606,ENSG00000187951,109.21651330584999
7607,ENSG00000187953,59.5302481556137
7608,ENSG00000187954,854.325417754751
7609,ENSG00000187961,579.824724397562
7610,ENSG00000188002,186.605035471009
7611,ENSG00000188026,629.799532047508
7612,ENSG00000188033,102.227433374358
7613,ENSG00000188038,60.0151383730439
7614,ENSG00000188092,77.5358691379428
7615,ENSG00000188130,878.0798427571781
7616,ENSG00000188157,1822.7351005932198
7617,ENSG00000188167,56.8440737082939
7618,ENSG00000188175,896.682930023517
7619,ENSG00000188185,644.402728015986
7620,ENSG00000188186,990.358862564771
7621,ENSG00000188191,138.09547617974502
7622,ENSG00000188206,51.5272131177357
7623,ENSG00000188211,270.556104585708
7624,ENSG00000188215,173.69973691598702
7625,ENSG00000188219,208.88371179754398
7626,ENSG00000188223,448.848809287959
7627,ENSG00000188229,228.035906959469
7628,ENSG00000188234,149.411186883027
7629,ENSG00000188243,245.818304048333
7630,ENSG00000188283,94.6927334593354
7631,ENSG00000188295,77.3931021865659
7632,ENSG00000188312,207.07940967009603
7633,ENSG00000188313,617.289504833039
7634,ENSG00000188315,93.00985314846459
7635,ENSG00000188321,474.155442563627
7636,ENSG00000188342,273.804536806515
7637,ENSG00000188419,295.054586852089
7638,ENSG00000188428,271.731844925789
7639,ENSG00000188486,142.153717898079
7640,ENSG00000188493,403.30020586626097
7641,ENSG00000188511,595.445127987402
7642,ENSG00000188522,85.59782660849551
7643,ENSG00000188529,197.976122165081
7644,ENSG00000188542,412.47073265692296
7645,ENSG00000188554,679.910442466521
7646,ENSG00000188559,273.194673990136
7647,ENSG00000188566,674.196325432334
7648,ENSG00000188599,210.468013523307
7649,ENSG00000188603,357.45489435152496
7650,ENSG00000188610,362.337040771614
7651,ENSG00000188612,549.734484125873
7652,ENSG00000188620,77.1106828034749
7653,ENSG00000188629,154.824601790072
7654,ENSG00000188647,629.270573554294
7655,ENSG00000188672,1125.89688673204
7656,ENSG00000188681,374.555852863451
7657,ENSG00000188690,572.0103145992521
7658,ENSG00000188725,208.724206977314
7659,ENSG00000188739,298.880666303226
7660,ENSG00000188760,111.71102122219801
7661,ENSG00000188786,70.1752594565327
7662,ENSG00000188807,261.552547272335
7663,ENSG00000188811,475.679235636402
7664,ENSG00000188827,494.22083116254896
7665,ENSG00000188846,788.0778958264191
7666,ENSG00000188895,201.65573653221801
7667,ENSG00000188917,649.974434129217
7668,ENSG00000188938,247.417035246181
7669,ENSG00000188976,723.535415489027
7670,ENSG00000188986,584.277592527863
7671,ENSG00000188994,148.026175410364
7672,ENSG00000189007,1199.0222211200698
7673,ENSG00000189042,116.979280670843
7674,ENSG00000189043,505.62784567448
7675,ENSG00000189046,818.970854382319
7676,ENSG00000189050,728.743910190261
7677,ENSG00000189067,748.287992276051
7678,ENSG00000189077,2467.74822176421
7679,ENSG00000189079,199.395028532266
7680,ENSG00000189091,122.43230855481899
7681,ENSG00000189114,115.910255677216
7682,ENSG00000189120,81.8333772967208
7683,ENSG00000189136,200.488682184179
7684,ENSG00000189159,262.758760190484
7685,ENSG00000189171,323.17994131635504
7686,ENSG00000189180,144.319863658326
7687,ENSG00000189190,74.399218894656
7688,ENSG00000189266,167.306505742679
7689,ENSG00000189298,290.340108807494
7690,ENSG00000189306,807.795061206568
7691,ENSG00000189308,122.053247474959
7692,ENSG00000189319,75.336213052261
7693,ENSG00000189334,81.8959849787033
7694,ENSG00000189339,727.794113546379
7695,ENSG00000189376,183.55934168674
7696,ENSG00000189403,517.053628452545
7697,ENSG00000189430,518.744880232461
7698,ENSG00000196072,210.200982603831
7699,ENSG00000196074,727.2363162127431
7700,ENSG00000196116,194.57575179535198
7701,ENSG00000196139,409.731791920975
7702,ENSG00000196141,475.736547060884
7703,ENSG00000196150,107.842840414151
7704,ENSG00000196151,713.3075378272349
7705,ENSG00000196152,63.970525117745396
7706,ENSG00000196154,327.253296298464
7707,ENSG00000196155,1181.54936603139
7708,ENSG00000196177,206.94009249702597
7709,ENSG00000196182,332.610090727155
7710,ENSG00000196187,1155.44653634419
7711,ENSG00000196199,222.014597508846
7712,ENSG00000196204,159.009130825791
7713,ENSG00000196214,104.602280368899
7714,ENSG00000196227,85.81722651358959
7715,ENSG00000196230,648.888242097833
7716,ENSG00000196233,142.919074191563
7717,ENSG00000196235,389.349015068755
7718,ENSG00000196236,115.59750668913601
7719,ENSG00000196247,141.124024542641
7720,ENSG00000196262,675.221493719587
7721,ENSG00000196290,389.285543430908
7722,ENSG00000196296,161.18235555644802
7723,ENSG00000196305,311.63493391553396
7724,ENSG00000196312,107.929225574043
7725,ENSG00000196313,271.311048848505
7726,ENSG00000196323,103.42913513536199
7727,ENSG00000196338,53.2432877720687
7728,ENSG00000196352,285.975312948617
7729,ENSG00000196357,48.66908772973121
7730,ENSG00000196363,350.438284995583
7731,ENSG00000196365,494.141925620424
7732,ENSG00000196367,197.763702380217
7733,ENSG00000196369,94.18644487869949
7734,ENSG00000196378,71.3645845364942
7735,ENSG00000196387,143.593652143903
7736,ENSG00000196396,436.170894189642
7737,ENSG00000196405,510.2367219697
7738,ENSG00000196417,46.366864423948705
7739,ENSG00000196418,256.927964524692
7740,ENSG00000196419,421.726541113426
7741,ENSG00000196427,65.6156593076047
7742,ENSG00000196449,127.91225484103201
7743,ENSG00000196453,131.423136942785
7744,ENSG00000196455,208.757592033884
7745,ENSG00000196456,203.711371830505
7746,ENSG00000196458,212.49699795998902
7747,ENSG00000196459,148.479499616743
7748,ENSG00000196476,520.1969264521811
7749,ENSG00000196497,371.518671174777
7750,ENSG00000196498,508.380667191809
7751,ENSG00000196503,194.65737526139
7752,ENSG00000196504,336.97068285369204
7753,ENSG00000196505,261.831130891545
7754,ENSG00000196510,692.06293967573
7755,ENSG00000196517,307.738449906698
7756,ENSG00000196531,536.261596804442
7757,ENSG00000196547,308.155821396745
7758,ENSG00000196550,395.759131715183
7759,ENSG00000196565,1092.88908676657
7760,ENSG00000196584,115.20439532681601
7761,ENSG00000196586,680.006462468666
7762,ENSG00000196588,60.594366854757006
7763,ENSG00000196591,800.0846823924741
7764,ENSG00000196597,163.526423122656
7765,ENSG00000196604,257.037247552297
7766,ENSG00000196605,212.538171772941
7767,ENSG00000196628,103.433645180607
7768,ENSG00000196642,971.991814004262
7769,ENSG00000196646,70.3287238136535
7770,ENSG00000196652,105.83098961736499
7771,ENSG00000196655,304.659215861917
7772,ENSG00000196663,83.965648045293
7773,ENSG00000196668,183.746021659996
7774,ENSG00000196670,212.740913715115
7775,ENSG00000196678,441.953982613759
7776,ENSG00000196683,747.6853139221711
7777,ENSG00000196689,93.30052395703751
7778,ENSG00000196693,176.190389724478
7779,ENSG00000196696,155.357479873015
7780,ENSG00000196700,339.717563653883
7781,ENSG00000196704,1170.08915434519
7782,ENSG00000196705,159.718388306212
7783,ENSG00000196712,309.628937648717
7784,ENSG00000196715,289.858710068139
7785,ENSG00000196730,548.4044990547401
7786,ENSG00000196743,502.954112199498
7787,ENSG00000196756,171.515668172574
7788,ENSG00000196757,148.935909496218
7789,ENSG00000196776,958.3473225338271
7790,ENSG00000196782,34.915344181448496
7791,ENSG00000196792,136.27371792614701
7792,ENSG00000196821,384.72607255795504
7793,ENSG00000196839,4323.40014640386
7794,ENSG00000196843,201.436063979957
7795,ENSG00000196850,223.366530638157
7796,ENSG00000196865,301.691776155591
7797,ENSG00000196911,181.05455789496102
7798,ENSG00000196912,136.457203203563
7799,ENSG00000196914,333.157520770518
7800,ENSG00000196923,399.41540418189203
7801,ENSG00000196924,552.678963011283
7802,ENSG00000196937,330.917737910331
7803,ENSG00000196943,216.683251864336
7804,ENSG00000196950,910.995831323744
7805,ENSG00000196961,1388.20270295584
7806,ENSG00000196967,491.14071726738604
7807,ENSG00000196975,1019.40616183093
7808,ENSG00000196998,443.851647904087
7809,ENSG00000197006,821.816194781868
7810,ENSG00000197008,296.5610306011
7811,ENSG00000197013,141.778225043503
7812,ENSG00000197019,73.5204034267003
7813,ENSG00000197020,298.07866718426703
7814,ENSG00000197021,291.47799176872
7815,ENSG00000197024,49.5104725927369
7816,ENSG00000197037,89.3462471468869
7817,ENSG00000197043,623.267777422274
7818,ENSG00000197045,315.36603308766496
7819,ENSG00000197056,702.680574826608
7820,ENSG00000197062,139.064410278862
7821,ENSG00000197063,108.302011132467
7822,ENSG00000197070,921.6729614119031
7823,ENSG00000197081,194.49999344288798
7824,ENSG00000197093,207.551481760327
7825,ENSG00000197102,297.076004978997
7826,ENSG00000197111,517.0971229741481
7827,ENSG00000197114,248.338221888834
7828,ENSG00000197136,277.632547618686
7829,ENSG00000197140,32.950611184903
7830,ENSG00000197147,263.653740880583
7831,ENSG00000197150,572.103317408254
7832,ENSG00000197157,193.232623915634
7833,ENSG00000197162,104.371512706245
7834,ENSG00000197165,778.8451521277631
7835,ENSG00000197170,284.215650038496
7836,ENSG00000197183,168.94108395150698
7837,ENSG00000197208,102.15474841494499
7838,ENSG00000197217,251.205019499055
7839,ENSG00000197223,453.783681822051
7840,ENSG00000197256,187.70757777907798
7841,ENSG00000197265,373.655155796725
7842,ENSG00000197275,569.459685123236
7843,ENSG00000197279,141.033105050576
7844,ENSG00000197299,289.831186288153
7845,ENSG00000197302,955.786603159191
7846,ENSG00000197312,178.083404646802
7847,ENSG00000197323,221.362057585628
7848,ENSG00000197324,494.662401896202
7849,ENSG00000197329,303.476659018372
7850,ENSG00000197332,155.039991767541
7851,ENSG00000197343,200.477970968124
7852,ENSG00000197345,460.712818452108
7853,ENSG00000197362,49.0880399807938
7854,ENSG00000197372,194.483111872425
7855,ENSG00000197386,286.387571489882
7856,ENSG00000197405,169.582748149314
7857,ENSG00000197417,236.74416671897004
7858,ENSG00000197429,302.322236298746
7859,ENSG00000197448,1321.69202120475
7860,ENSG00000197451,359.735528244147
7861,ENSG00000197465,379.935115706137
7862,ENSG00000197471,404.83973770669405
7863,ENSG00000197472,286.515153142034
7864,ENSG00000197498,412.77226213337303
7865,ENSG00000197530,120.847042658519
7866,ENSG00000197548,57.3465972268847
7867,ENSG00000197555,218.33042847975
7868,ENSG00000197562,295.281787783973
7869,ENSG00000197579,123.04184888513599
7870,ENSG00000197586,869.927178240916
7871,ENSG00000197587,162.317259309272
7872,ENSG00000197601,1028.2069288078599
7873,ENSG00000197608,131.94438505593
7874,ENSG00000197622,321.962936802388
7875,ENSG00000197694,352.055904791046
7876,ENSG00000197713,1002.11501486584
7877,ENSG00000197714,101.15767551205099
7878,ENSG00000197721,507.13521136562895
7879,ENSG00000197724,541.4846920589209
7880,ENSG00000197728,292.362782344895
7881,ENSG00000197746,661.981485139547
7882,ENSG00000197756,750.211658783721
7883,ENSG00000197757,401.205633641164
7884,ENSG00000197771,222.12016594165902
7885,ENSG00000197774,391.270959188772
7886,ENSG00000197780,203.155188590841
7887,ENSG00000197782,102.690394998987
7888,ENSG00000197785,623.398550515761
7889,ENSG00000197798,183.90544184913898
7890,ENSG00000197818,176.353220605187
7891,ENSG00000197841,93.4662516596881
7892,ENSG00000197857,115.16212837845501
7893,ENSG00000197858,2024.61587631287
7894,ENSG00000197872,225.80274276839802
7895,ENSG00000197879,315.427139958621
7896,ENSG00000197885,161.667676716751
7897,ENSG00000197892,140.986881553145
7898,ENSG00000197894,1106.6099065138499
7899,ENSG00000197905,218.564621868545
7900,ENSG00000197912,284.52965858437
7901,ENSG00000197930,998.095525053654
7902,ENSG00000197933,73.782797039862
7903,ENSG00000197935,148.72443587786802
7904,ENSG00000197937,150.776181743822
7905,ENSG00000197958,762.8874308421831
7906,ENSG00000197961,149.006457950762
7907,ENSG00000197965,4976.03693647622
7908,ENSG00000197969,689.0583600425549
7909,ENSG00000197978,1328.64230495767
7910,ENSG00000197982,1533.0347908215601
7911,ENSG00000197989,67.6485685095918
7912,ENSG00000197993,534.938740846242
7913,ENSG00000198000,198.90540561121998
7914,ENSG00000198001,362.50791638599
7915,ENSG00000198015,516.912987176971
7916,ENSG00000198018,157.31626501679
7917,ENSG00000198026,119.42609476138901
7918,ENSG00000198034,1231.33145206765
7919,ENSG00000198039,152.612326220815
7920,ENSG00000198040,266.213385722841
7921,ENSG00000198042,219.93315956623402
7922,ENSG00000198055,233.26243748538602
7923,ENSG00000198056,871.064198921656
7924,ENSG00000198060,389.51471685549797
7925,ENSG00000198081,41.0577874539758
7926,ENSG00000198087,411.46767891427805
7927,ENSG00000198088,311.76021069169104
7928,ENSG00000198105,263.933128918889
7929,ENSG00000198130,564.010060938249
7930,ENSG00000198131,218.033660899337
7931,ENSG00000198146,113.943199616515
7932,ENSG00000198157,33.4016953737129
7933,ENSG00000198160,192.450654049483
7934,ENSG00000198162,376.52817675443606
7935,ENSG00000198168,1228.1959807882401
7936,ENSG00000198169,113.128052805127
7937,ENSG00000198171,397.680393496287
7938,ENSG00000198176,398.573956316186
7939,ENSG00000198189,474.76082865103797
7940,ENSG00000198198,142.90316781824498
7941,ENSG00000198211,54.1323405919434
7942,ENSG00000198231,188.091770337953
7943,ENSG00000198242,560.5876597968979
7944,ENSG00000198252,468.272984666215
7945,ENSG00000198258,518.7089971316269
7946,ENSG00000198265,145.027317079993
7947,ENSG00000198270,1096.21472918781
7948,ENSG00000198276,637.014406133109
7949,ENSG00000198286,1006.3703958468
7950,ENSG00000198298,157.80209782127199
7951,ENSG00000198301,192.25431503828202
7952,ENSG00000198315,180.633955839492
7953,ENSG00000198336,1226.35558935861
7954,ENSG00000198346,72.8080233456728
7955,ENSG00000198353,245.756506885395
7956,ENSG00000198355,124.420347897784
7957,ENSG00000198356,217.316648183965
7958,ENSG00000198363,200.562924360163
7959,ENSG00000198369,135.129783953877
7960,ENSG00000198373,161.30502713832502
7961,ENSG00000198380,402.175316792011
7962,ENSG00000198382,161.417034548347
7963,ENSG00000198393,175.940188202536
7964,ENSG00000198399,330.10866919979003
7965,ENSG00000198400,1552.9274878945498
7966,ENSG00000198408,515.173435446909
7967,ENSG00000198420,1039.6730024575802
7968,ENSG00000198431,206.027143015368
7969,ENSG00000198464,180.455641601752
7970,ENSG00000198467,314.679833617318
7971,ENSG00000198468,361.317974587396
7972,ENSG00000198478,375.735480465576
7973,ENSG00000198482,104.688760287554
7974,ENSG00000198492,141.150335148969
7975,ENSG00000198496,108.830464309175
7976,ENSG00000198498,330.69194677171504
7977,ENSG00000198517,85.09295008078129
7978,ENSG00000198522,386.793547842838
7979,ENSG00000198538,100.734438683256
7980,ENSG00000198546,483.409646716016
7981,ENSG00000198551,70.7306649812133
7982,ENSG00000198554,681.692377830909
7983,ENSG00000198561,182.34793251455602
7984,ENSG00000198563,311.18375243186597
7985,ENSG00000198586,277.54800071697997
7986,ENSG00000198589,181.285835359864
7987,ENSG00000198590,64.8191271565997
7988,ENSG00000198604,88.3548689219708
7989,ENSG00000198612,431.81231038067597
7990,ENSG00000198625,157.664033947207
7991,ENSG00000198626,134.905966592552
7992,ENSG00000198646,263.434940040392
7993,ENSG00000198663,1339.3385301179699
7994,ENSG00000198668,310.989648006511
7995,ENSG00000198677,851.702836846311
7996,ENSG00000198681,364.618536450376
7997,ENSG00000198689,377.049653348059
7998,ENSG00000198690,259.031545669908
7999,ENSG00000198700,1368.63186779327
8000,ENSG00000198707,356.005739242427
8001,ENSG00000198715,626.063366547808
8002,ENSG00000198720,1166.78019793476
8003,ENSG00000198721,1365.84260839098
8004,ENSG00000198722,507.75190356979795
8005,ENSG00000198728,348.28679609862996
8006,ENSG00000198730,318.823665708514
8007,ENSG00000198736,438.819361061753
8008,ENSG00000198740,234.01812913563597
8009,ENSG00000198742,137.430091165738
8010,ENSG00000198743,240.38127034215
8011,ENSG00000198746,90.81304192524608
8012,ENSG00000198752,343.178365782495
8013,ENSG00000198755,714.2364383484539
8014,ENSG00000198756,1010.1610762338
8015,ENSG00000198771,830.9835787876151
8016,ENSG00000198791,360.461631237345
8017,ENSG00000198793,238.834935749828
8018,ENSG00000198795,91.0856294413439
8019,ENSG00000198799,162.18548638926
8020,ENSG00000198805,823.775002537343
8021,ENSG00000198815,179.61504535641998
8022,ENSG00000198818,662.0319234570089
8023,ENSG00000198824,217.715641707336
8024,ENSG00000198825,412.332160787097
8025,ENSG00000198826,239.841013972486
8026,ENSG00000198830,650.4978348187091
8027,ENSG00000198833,372.190795339879
8028,ENSG00000198836,240.318008277527
8029,ENSG00000198837,710.6613986416561
8030,ENSG00000198839,365.751811087183
8031,ENSG00000198843,396.79477394472605
8032,ENSG00000198853,191.54386711989898
8033,ENSG00000198856,795.2770466363311
8034,ENSG00000198858,726.778935050856
8035,ENSG00000198860,1267.5600299909802
8036,ENSG00000198862,266.21276706646097
8037,ENSG00000198863,81.6355177229045
8038,ENSG00000198874,97.57598831850142
8039,ENSG00000198876,202.02050163186402
8040,ENSG00000198887,204.368273693001
8041,ENSG00000198892,37.4691665476105
8042,ENSG00000198894,224.797342483598
8043,ENSG00000198898,398.96532830806296
8044,ENSG00000198900,285.249838305411
8045,ENSG00000198901,155.47418822785
8046,ENSG00000198909,255.69203578218497
8047,ENSG00000198911,574.237095556931
8048,ENSG00000198912,216.28240802365102
8049,ENSG00000198917,395.803764229978
8050,ENSG00000198918,511.72390392196405
8051,ENSG00000198920,96.46627404345051
8052,ENSG00000198924,278.142491104626
8053,ENSG00000198925,351.442186997354
8054,ENSG00000198930,775.904722650649
8055,ENSG00000198931,3116.51078111505
8056,ENSG00000198937,900.3503067807401
8057,ENSG00000198952,175.44800338908797
8058,ENSG00000198954,127.031107067724
8059,ENSG00000198960,463.678562828271
8060,ENSG00000198961,327.327074993514
8061,ENSG00000198964,220.73130758106004
8062,ENSG00000203546,220.906344451289
8063,ENSG00000203618,747.1380750085249
8064,ENSG00000203666,213.596027154294
8065,ENSG00000203667,419.064829475054
8066,ENSG00000203705,519.404449265596
8067,ENSG00000203760,331.531803777258
8068,ENSG00000203761,123.42797679322399
8069,ENSG00000203791,719.156434353985
8070,ENSG00000203799,299.670836251053
8071,ENSG00000203804,1.3584734802785101
8072,ENSG00000203805,170.52894552487498
8073,ENSG00000203872,384.290712657701
8074,ENSG00000203875,300.722691981209
8075,ENSG00000203879,798.6495230580521
8076,ENSG00000203896,215.608415025863
8077,ENSG00000203993,944.252657220629
8078,ENSG00000203995,350.65400062966006
8079,ENSG00000204060,230.386764585164
8080,ENSG00000204070,108.38903185903901
8081,ENSG00000204084,262.523590300807
8082,ENSG00000204104,125.02700001720699
8083,ENSG00000204120,181.968388271776
8084,ENSG00000204130,152.36297906233298
8085,ENSG00000204138,233.33920593742198
8086,ENSG00000204147,246.521655568186
8087,ENSG00000204149,142.355227513052
8088,ENSG00000204152,119.572551478733
8089,ENSG00000204160,319.083672916166
8090,ENSG00000204161,1683.73228137863
8091,ENSG00000204172,709.9445283477389
8092,ENSG00000204177,185.632949507336
8093,ENSG00000204178,167.784463231039
8094,ENSG00000204209,257.824412630834
8095,ENSG00000204217,141.64453024110702
8096,ENSG00000204220,839.741695393031
8097,ENSG00000204227,497.678119442102
8098,ENSG00000204228,2717.20112144826
8099,ENSG00000204231,139.226900936175
8100,ENSG00000204237,1005.18667323883
8101,ENSG00000204248,35.3165919806662
8102,ENSG00000204256,90.135763319457
8103,ENSG00000204271,264.214186633866
8104,ENSG00000204291,1297.4561874635199
8105,ENSG00000204304,901.5226243590289
8106,ENSG00000204305,174.12245687783798
8107,ENSG00000204308,464.303498825384
8108,ENSG00000204310,1267.7377808217698
8109,ENSG00000204314,827.838960467511
8110,ENSG00000204315,49.5026288964958
8111,ENSG00000204316,482.359373712111
8112,ENSG00000204344,252.187673995217
8113,ENSG00000204348,284.47907882668596
8114,ENSG00000204351,412.42255763590697
8115,ENSG00000204356,862.4143475634739
8116,ENSG00000204370,204.46003616811902
8117,ENSG00000204371,647.240821776802
8118,ENSG00000204386,427.28532373487803
8119,ENSG00000204387,455.408390251259
8120,ENSG00000204392,462.910130991636
8121,ENSG00000204394,1145.47725266949
8122,ENSG00000204396,160.68871709797
8123,ENSG00000204410,555.116397336597
8124,ENSG00000204422,264.882690278563
8125,ENSG00000204427,267.08984652363097
8126,ENSG00000204434,308.321191137669
8127,ENSG00000204435,845.4975570180791
8128,ENSG00000204438,59.1238797247587
8129,ENSG00000204444,219.671285493365
8130,ENSG00000204463,611.722807367797
8131,ENSG00000204469,483.09019989658896
8132,ENSG00000204498,208.814547098068
8133,ENSG00000204516,674.955087472751
8134,ENSG00000204519,78.77713766466479
8135,ENSG00000204520,307.131820836595
8136,ENSG00000204524,70.728715457148
8137,ENSG00000204525,3013.4076003070695
8138,ENSG00000204536,1144.3899875596198
8139,ENSG00000204560,163.420311605237
8140,ENSG00000204564,477.43323411727897
8141,ENSG00000204568,373.95706987066103
8142,ENSG00000204569,50.1487840416607
8143,ENSG00000204574,228.746566521109
8144,ENSG00000204576,149.715667144184
8145,ENSG00000204580,328.75027936487004
8146,ENSG00000204590,524.78437236221
8147,ENSG00000204592,456.557237909344
8148,ENSG00000204599,64.93524750244289
8149,ENSG00000204604,117.05928543814501
8150,ENSG00000204611,46.5715064112924
8151,ENSG00000204619,1038.3008161953599
8152,ENSG00000204628,1100.44986904724
8153,ENSG00000204673,317.354589801607
8154,ENSG00000204710,2447.03115223902
8155,ENSG00000204713,260.574931626696
8156,ENSG00000204822,176.616634264787
8157,ENSG00000204842,268.291520444458
8158,ENSG00000204843,731.0511957917121
8159,ENSG00000204856,811.656465822054
8160,ENSG00000204859,218.347350968251
8161,ENSG00000204899,545.91470471705
8162,ENSG00000204922,340.982063942305
8163,ENSG00000204923,124.502863875315
8164,ENSG00000204946,162.649260732861
8165,ENSG00000204947,55.5197121247957
8166,ENSG00000204954,369.85575573564597
8167,ENSG00000204977,119.159599572386
8168,ENSG00000205060,779.703574241528
8169,ENSG00000205084,2242.30831283202
8170,ENSG00000205085,50.2294060151526
8171,ENSG00000205111,49.394143829375295
8172,ENSG00000205155,476.97880627863196
8173,ENSG00000205189,140.13959419174802
8174,ENSG00000205208,335.071224418457
8175,ENSG00000205213,397.120544888899
8176,ENSG00000205220,454.867217843519
8177,ENSG00000205250,298.321266937572
8178,ENSG00000205268,347.63634839747397
8179,ENSG00000205302,750.499766769547
8180,ENSG00000205307,235.32616998157602
8181,ENSG00000205323,219.747022123865
8182,ENSG00000205339,371.89625276830594
8183,ENSG00000205352,788.165797679148
8184,ENSG00000205464,500.104947099596
8185,ENSG00000205485,80.27731929006359
8186,ENSG00000205531,330.742901676523
8187,ENSG00000205534,73.61266946491291
8188,ENSG00000205542,537.549302351842
8189,ENSG00000205544,1683.25152746797
8190,ENSG00000205560,376.144714309577
8191,ENSG00000205581,857.2398951639841
8192,ENSG00000205592,715.161615455006
8193,ENSG00000205611,157.6357654506
8194,ENSG00000205628,284.364315297822
8195,ENSG00000205629,791.916483176747
8196,ENSG00000205659,165.25200039948498
8197,ENSG00000205664,212.390115580306
8198,ENSG00000205683,74.9137885865938
8199,ENSG00000205707,1015.56491168581
8200,ENSG00000205726,160.56161344375
8201,ENSG00000205758,477.533809866829
8202,ENSG00000205765,314.43584754629904
8203,ENSG00000205853,63.8478661120963
8204,ENSG00000205903,178.106072838245
8205,ENSG00000205937,320.35628484374
8206,ENSG00000205981,1197.30683606269
8207,ENSG00000206053,467.940701979478
8208,ENSG00000206418,199.580253369332
8209,ENSG00000206527,951.281111521978
8210,ENSG00000206535,126.704667980098
8211,ENSG00000206560,204.820338334007
8212,ENSG00000206562,202.36218668617698
8213,ENSG00000211450,580.130024708469
8214,ENSG00000211455,427.456525093144
8215,ENSG00000211456,376.192729895097
8216,ENSG00000211460,270.23490711462995
8217,ENSG00000211584,936.982739951472
8218,ENSG00000212694,93.53599755360649
8219,ENSG00000213024,393.508481980677
8220,ENSG00000213047,157.494375424459
8221,ENSG00000213064,431.27248356450104
8222,ENSG00000213066,273.956900594739
8223,ENSG00000213079,118.95737241693999
8224,ENSG00000213096,81.3551778867508
8225,ENSG00000213123,3136.89463310001
8226,ENSG00000213160,1067.98999295925
8227,ENSG00000213185,90.55857155934791
8228,ENSG00000213186,52.84471951350329
8229,ENSG00000213190,362.220573294935
8230,ENSG00000213199,156.653977730271
8231,ENSG00000213221,139.061770285914
8232,ENSG00000213240,192.436027377881
8233,ENSG00000213246,182.263385312888
8234,ENSG00000213281,284.684032831397
8235,ENSG00000213337,909.448470754015
8236,ENSG00000213339,1663.4341881102403
8237,ENSG00000213341,281.50260684288503
8238,ENSG00000213347,294.10378045514597
8239,ENSG00000213380,116.148580517988
8240,ENSG00000213390,1107.92403541163
8241,ENSG00000213401,298.172646382633
8242,ENSG00000213420,444.446912951058
8243,ENSG00000213445,326.364992694685
8244,ENSG00000213462,421.264372968411
8245,ENSG00000213468,1034.74048361899
8246,ENSG00000213516,253.69095838080003
8247,ENSG00000213523,371.105290099953
8248,ENSG00000213551,153.248091745664
8249,ENSG00000213563,342.317362320899
8250,ENSG00000213585,612.031126322345
8251,ENSG00000213588,66.0808312125089
8252,ENSG00000213593,559.1073606411039
8253,ENSG00000213614,398.84005455781096
8254,ENSG00000213619,381.239378493655
8255,ENSG00000213625,441.07452852152
8256,ENSG00000213626,98.83456422787951
8257,ENSG00000213639,499.16393249610496
8258,ENSG00000213654,1103.47691918244
8259,ENSG00000213658,99.9740546708979
8260,ENSG00000213672,438.48923096537595
8261,ENSG00000213676,682.814634024785
8262,ENSG00000213699,339.076083245089
8263,ENSG00000213719,513.738649387503
8264,ENSG00000213722,114.87552201475599
8265,ENSG00000213741,560.803996375716
8266,ENSG00000213762,69.1347772317537
8267,ENSG00000213780,354.231103974122
8268,ENSG00000213782,261.42592420616404
8269,ENSG00000213793,78.6537717215566
8270,ENSG00000213799,53.906498344274205
8271,ENSG00000213801,35.3934828169126
8272,ENSG00000213865,552.786971524418
8273,ENSG00000213918,2511.73473615292
8274,ENSG00000213920,248.31035583854901
8275,ENSG00000213923,408.33373835158
8276,ENSG00000213928,243.008911800582
8277,ENSG00000213930,1425.9865881550102
8278,ENSG00000213931,991.8510636613271
8279,ENSG00000213934,1220.824826217
8280,ENSG00000213965,186.081224367394
8281,ENSG00000213977,229.153893727542
8282,ENSG00000213983,404.94779241784204
8283,ENSG00000213995,213.041748025393
8284,ENSG00000214013,348.89817111057704
8285,ENSG00000214021,336.484441878819
8286,ENSG00000214046,205.29547789447898
8287,ENSG00000214049,456.304447634219
8288,ENSG00000214087,448.635694751046
8289,ENSG00000214113,643.260789255988
8290,ENSG00000214135,299.13573304773496
8291,ENSG00000214160,754.9079254088961
8292,ENSG00000214174,430.322555337481
8293,ENSG00000214176,98.48583229840028
8294,ENSG00000214193,129.372982076288
8295,ENSG00000214194,1108.9111409992402
8296,ENSG00000214212,36.355046853968204
8297,ENSG00000214253,498.72040304202994
8298,ENSG00000214279,757.3881381303951
8299,ENSG00000214293,288.481443706571
8300,ENSG00000214331,52.8931295289851
8301,ENSG00000214367,144.815072734202
8302,ENSG00000214401,696.846174129143
8303,ENSG00000214413,829.778107408336
8304,ENSG00000214435,56.4421669714443
8305,ENSG00000214517,398.096800756431
8306,ENSG00000214548,508.722843526238
8307,ENSG00000214575,337.348105077668
8308,ENSG00000214654,84.8150769192733
8309,ENSG00000214655,197.59953537399602
8310,ENSG00000214706,689.7985492897619
8311,ENSG00000214736,401.79163618262004
8312,ENSG00000214753,336.705352333361
8313,ENSG00000214765,121.331244101728
8314,ENSG00000214783,114.338899132329
8315,ENSG00000214826,352.96488940627404
8316,ENSG00000214837,173.819175456969
8317,ENSG00000214855,440.23487466323303
8318,ENSG00000214941,406.39112993611
8319,ENSG00000215012,313.116181377999
8320,ENSG00000215021,655.7058330432731
8321,ENSG00000215022,32.124024894924396
8322,ENSG00000215041,315.683491404652
8323,ENSG00000215067,56.5348250096715
8324,ENSG00000215068,233.64070275970002
8325,ENSG00000215114,770.201755485294
8326,ENSG00000215154,102.221483680706
8327,ENSG00000215190,148.997519239295
8328,ENSG00000215193,347.462690777813
8329,ENSG00000215241,96.81553968591041
8330,ENSG00000215271,1788.9509971958498
8331,ENSG00000215301,274.443238869696
8332,ENSG00000215305,1483.89431382993
8333,ENSG00000215417,38.984626926430394
8334,ENSG00000215421,105.88159450546999
8335,ENSG00000215447,572.00864983156
8336,ENSG00000215472,845.112175086246
8337,ENSG00000215529,18.7501722099592
8338,ENSG00000215548,226.94651288071097
8339,ENSG00000215712,222.04269316697702
8340,ENSG00000215717,269.43396003997503
8341,ENSG00000215769,62.656968126375894
8342,ENSG00000215837,64.34012231929621
8343,ENSG00000215908,119.40381832512699
8344,ENSG00000216490,978.958491833372
8345,ENSG00000217128,137.746675330302
8346,ENSG00000217555,477.442805289215
8347,ENSG00000217576,81.44058781021171
8348,ENSG00000217930,477.84119501156897
8349,ENSG00000218739,821.9111995241369
8350,ENSG00000219200,559.005355741988
8351,ENSG00000219481,511.12334868683797
8352,ENSG00000219545,48.2984425963518
8353,ENSG00000219665,1173.8908891542098
8354,ENSG00000219891,107.900417024636
8355,ENSG00000220205,394.831255149973
8356,ENSG00000220804,122.291362643193
8357,ENSG00000221823,217.07801863453997
8358,ENSG00000221829,644.284529751564
8359,ENSG00000221838,485.46547037655404
8360,ENSG00000221867,287.066479331114
8361,ENSG00000221874,64.1759260603785
8362,ENSG00000221890,491.286887797505
8363,ENSG00000221914,298.558625898601
8364,ENSG00000221968,390.663748320159
8365,ENSG00000221978,196.609187721897
8366,ENSG00000221983,724.627969543036
8367,ENSG00000221988,343.510795211634
8368,ENSG00000221994,156.92758354415
8369,ENSG00000222004,445.03716649419897
8370,ENSG00000222011,140.412086618301
8371,ENSG00000222041,87.1150064922472
8372,ENSG00000223403,67.8097990757418
8373,ENSG00000223473,127.468420374663
8374,ENSG00000223482,790.733289905648
8375,ENSG00000223501,587.005809358379
8376,ENSG00000223508,1726.1001944368302
8377,ENSG00000223546,425.633750797949
8378,ENSG00000223552,715.094157314561
8379,ENSG00000223662,858.1148522903391
8380,ENSG00000223692,57.500140802969504
8381,ENSG00000223705,342.321318631742
8382,ENSG00000223725,272.615724234416
8383,ENSG00000223745,885.624582208534
8384,ENSG00000223756,235.011715192845
8385,ENSG00000223837,70.250393271133
8386,ENSG00000223959,107.88035913588301
8387,ENSG00000224032,119.87781429355199
8388,ENSG00000224034,142.288784545393
8389,ENSG00000224046,188.11440126307
8390,ENSG00000224051,159.646894809186
8391,ENSG00000224093,46.5243007172801
8392,ENSG00000224141,566.004796786947
8393,ENSG00000224184,244.72031793559898
8394,ENSG00000224186,317.39561861547696
8395,ENSG00000224271,255.202424257277
8396,ENSG00000224420,99.7363215104045
8397,ENSG00000224470,112.58057705453999
8398,ENSG00000224597,141.835673502644
8399,ENSG00000224616,454.024927057433
8400,ENSG00000224638,48.22753731235311
8401,ENSG00000224652,913.601082489532
8402,ENSG00000224699,208.48248233873198
8403,ENSG00000224778,376.33792484490306
8404,ENSG00000224870,308.786875858578
8405,ENSG00000224877,1151.39222099225
8406,ENSG00000224914,64.43486578398671
8407,ENSG00000224916,158.927828369525
8408,ENSG00000225062,1566.3380713570498
8409,ENSG00000225180,202.415814954941
8410,ENSG00000225190,134.88778300546699
8411,ENSG00000225264,327.38359896402903
8412,ENSG00000225377,671.44913134564
8413,ENSG00000225470,608.358407521973
8414,ENSG00000225546,341.837822187018
8415,ENSG00000225648,247.96841086453603
8416,ENSG00000225697,658.351768189422
8417,ENSG00000225733,399.93153936004
8418,ENSG00000225746,251.339618684093
8419,ENSG00000225778,83.16973404450191
8420,ENSG00000225791,72.43331747416559
8421,ENSG00000225793,282.67463843677996
8422,ENSG00000225828,172.69923567543597
8423,ENSG00000225830,127.355899994659
8424,ENSG00000225857,106.11713928214701
8425,ENSG00000225921,551.422919833662
8426,ENSG00000225973,207.040881273405
8427,ENSG00000226002,79.5432524413829
8428,ENSG00000226057,272.651563042326
8429,ENSG00000226149,125.354038278242
8430,ENSG00000226210,152.02055395562098
8431,ENSG00000226232,199.98378137397302
8432,ENSG00000226314,168.954946852204
8433,ENSG00000226419,73.7745570642147
8434,ENSG00000226688,974.806870634913
8435,ENSG00000226696,349.735363973233
8436,ENSG00000226751,609.390160242078
8437,ENSG00000226752,437.566738210643
8438,ENSG00000226763,140.494373618024
8439,ENSG00000226853,289.743741857631
8440,ENSG00000226950,181.635872210199
8441,ENSG00000227057,422.363207718778
8442,ENSG00000227124,183.74633663378398
8443,ENSG00000227232,133.697908074599
8444,ENSG00000227345,285.638977529553
8445,ENSG00000227372,257.144193189239
8446,ENSG00000227500,536.286359075953
8447,ENSG00000227533,167.216025570774
8448,ENSG00000227671,477.084703890007
8449,ENSG00000227674,687.087046031938
8450,ENSG00000227706,542.321707304239
8451,ENSG00000227740,29.063646983893104
8452,ENSG00000227932,1289.45916169705
8453,ENSG00000227953,103.975662775846
8454,ENSG00000227963,65.4210929493842
8455,ENSG00000228043,99.49770930504249
8456,ENSG00000228144,1100.2848277407002
8457,ENSG00000228203,154.921050108511
8458,ENSG00000228265,246.394260665406
8459,ENSG00000228300,250.749965455737
8460,ENSG00000228315,154.537768673278
8461,ENSG00000228327,173.385158848949
8462,ENSG00000228409,87.0511418073737
8463,ENSG00000228436,66.7827202484552
8464,ENSG00000228463,172.296287034324
8465,ENSG00000228474,409.042690922412
8466,ENSG00000228506,210.772102065569
8467,ENSG00000228649,45.229450767476905
8468,ENSG00000228716,728.164335425667
8469,ENSG00000228727,180.97552119241402
8470,ENSG00000228782,129.815420524003
8471,ENSG00000228794,260.02351828068
8472,ENSG00000228989,268.173866401348
8473,ENSG00000229056,145.8988773128
8474,ENSG00000229117,465.385929368249
8475,ENSG00000229124,164.320910617994
8476,ENSG00000229127,126.243729059842
8477,ENSG00000229140,340.507693015742
8478,ENSG00000229180,89.78369487657959
8479,ENSG00000229205,307.629057915504
8480,ENSG00000229358,141.405264864371
8481,ENSG00000229729,179.57661625531102
8482,ENSG00000229807,836.8901599740759
8483,ENSG00000229809,279.137292285478
8484,ENSG00000229833,354.121337517202
8485,ENSG00000229953,330.159200734221
8486,ENSG00000229970,1565.0018639694902
8487,ENSG00000229988,69.204809301108
8488,ENSG00000229989,25.698698243168696
8489,ENSG00000230082,20.2331414603366
8490,ENSG00000230092,38.119027909581796
8491,ENSG00000230124,204.759029833708
8492,ENSG00000230148,553.901577193726
8493,ENSG00000230159,739.62765697125
8494,ENSG00000230257,161.906835331621
8495,ENSG00000230258,194.26934621443502
8496,ENSG00000230424,288.022133522183
8497,ENSG00000230513,147.636765684285
8498,ENSG00000230551,51.6475950802042
8499,ENSG00000230590,114.160082183149
8500,ENSG00000230658,336.606018113112
8501,ENSG00000230989,493.146454200402
8502,ENSG00000231259,265.44394950581903
8503,ENSG00000231312,1236.53980769362
8504,ENSG00000231431,141.61847943194
8505,ENSG00000231500,720.6245463923559
8506,ENSG00000231607,77.0732094302787
8507,ENSG00000231887,106.752254980831
8508,ENSG00000231925,1637.0413209202402
8509,ENSG00000232018,245.343055759801
8510,ENSG00000232040,349.21098446401703
8511,ENSG00000232053,332.162243134631
8512,ENSG00000232112,327.835060562207
8513,ENSG00000232119,770.665374627933
8514,ENSG00000232388,211.532397940245
8515,ENSG00000232485,152.498314293171
8516,ENSG00000232533,502.775689495109
8517,ENSG00000232656,71.0809608514059
8518,ENSG00000232725,922.824943090855
8519,ENSG00000232884,932.048645180961
8520,ENSG00000232956,100.965008767821
8521,ENSG00000232995,72.0590992264119
8522,ENSG00000233016,76.7869249507018
8523,ENSG00000233080,100.097933093698
8524,ENSG00000233236,420.857633563872
8525,ENSG00000233369,219.801013581234
8526,ENSG00000233382,125.4266694114
8527,ENSG00000233461,480.965161396324
8528,ENSG00000233527,261.265408332349
8529,ENSG00000233536,674.4306414378759
8530,ENSG00000233593,5707.46028075182
8531,ENSG00000233643,587.0315455766099
8532,ENSG00000233695,167.819317837272
8533,ENSG00000233746,854.159596762956
8534,ENSG00000233785,125.54164117934098
8535,ENSG00000233797,44.3619732940141
8536,ENSG00000233799,636.924834556288
8537,ENSG00000233822,182.936308699855
8538,ENSG00000233834,315.771662176859
8539,ENSG00000233836,379.791110412548
8540,ENSG00000233922,62.6543510916369
8541,ENSG00000233927,531.115634598815
8542,ENSG00000234127,141.58798746665101
8543,ENSG00000234129,577.334915763785
8544,ENSG00000234147,1028.60912387727
8545,ENSG00000234231,1030.23180888734
8546,ENSG00000234261,264.026761125449
8547,ENSG00000234327,593.013723349844
8548,ENSG00000234384,33.318859606595
8549,ENSG00000234420,390.356707960264
8550,ENSG00000234444,304.94912273498403
8551,ENSG00000234545,159.439890629237
8552,ENSG00000234585,59.76834118880279
8553,ENSG00000234593,89.4976748392733
8554,ENSG00000234608,284.845022752707
8555,ENSG00000234741,316.538697993112
8556,ENSG00000234753,898.661542354328
8557,ENSG00000234769,162.791649939199
8558,ENSG00000234771,124.05515502216801
8559,ENSG00000234857,277.893995930288
8560,ENSG00000234912,62.1823929273589
8561,ENSG00000235169,686.162307585919
8562,ENSG00000235173,383.191229035113
8563,ENSG00000235194,475.892606828968
8564,ENSG00000235288,49.417866890567595
8565,ENSG00000235333,145.756632419291
8566,ENSG00000235335,308.413974714529
8567,ENSG00000235437,1444.91123748229
8568,ENSG00000235453,222.403940962165
8569,ENSG00000235703,179.84390306424
8570,ENSG00000235750,375.09485826573194
8571,ENSG00000235823,1182.26311241871
8572,ENSG00000235954,369.173586886914
8573,ENSG00000235978,109.988775192929
8574,ENSG00000236088,152.16787590988199
8575,ENSG00000236144,785.5929136250251
8576,ENSG00000236200,333.21524139888
8577,ENSG00000236255,180.200843408689
8578,ENSG00000236287,615.7652712970299
8579,ENSG00000236320,102.727949725903
8580,ENSG00000236393,337.63136647591
8581,ENSG00000236618,217.322815768984
8582,ENSG00000236753,391.436822442601
8583,ENSG00000236754,36.65469640197679
8584,ENSG00000236756,28.740979490669602
8585,ENSG00000236810,641.918543484191
8586,ENSG00000236850,333.116926953896
8587,ENSG00000236859,446.025104624625
8588,ENSG00000237190,777.0774781159331
8589,ENSG00000237296,107.25681156605101
8590,ENSG00000237298,161.963712902238
8591,ENSG00000237311,514.910641192874
8592,ENSG00000237438,733.653299145556
8593,ENSG00000237441,232.551181150411
8594,ENSG00000237643,599.0779020105281
8595,ENSG00000237649,180.898740711004
8596,ENSG00000237765,149.622291079632
8597,ENSG00000237883,322.765378989265
8598,ENSG00000237943,762.893875878948
8599,ENSG00000238033,140.628805656909
8600,ENSG00000238035,481.296384275302
8601,ENSG00000238083,56.4612908256742
8602,ENSG00000238113,253.07297707164798
8603,ENSG00000238160,70.8225309945264
8604,ENSG00000238287,178.313287196693
8605,ENSG00000239203,761.775563910226
8606,ENSG00000239264,240.922688761198
8607,ENSG00000239305,115.358098188413
8608,ENSG00000239306,529.3038097966661
8609,ENSG00000239382,691.4880406257421
8610,ENSG00000239407,191.295642351477
8611,ENSG00000239653,137.55946183728
8612,ENSG00000239665,111.013665277232
8613,ENSG00000239672,1170.95298573171
8614,ENSG00000239704,257.178690631216
8615,ENSG00000239779,676.469669824593
8616,ENSG00000239789,318.724887598619
8617,ENSG00000239857,327.875141370094
8618,ENSG00000239883,130.281257670235
8619,ENSG00000239900,849.040480522144
8620,ENSG00000239969,91.7779621526338
8621,ENSG00000240024,478.893931753781
8622,ENSG00000240053,96.3093024546776
8623,ENSG00000240207,52.4239866569701
8624,ENSG00000240225,164.022639619155
8625,ENSG00000240230,90.8618761208822
8626,ENSG00000240291,291.358050731625
8627,ENSG00000240344,243.614005178313
8628,ENSG00000240356,208.116853447158
8629,ENSG00000240370,108.93526622344
8630,ENSG00000240682,184.909258128152
8631,ENSG00000240758,139.289467693186
8632,ENSG00000240849,259.666527225307
8633,ENSG00000240857,187.23588058003602
8634,ENSG00000240963,151.816291087091
8635,ENSG00000240972,1370.2748211962598
8636,ENSG00000241015,761.013256944942
8637,ENSG00000241058,292.730768037508
8638,ENSG00000241127,152.356088412827
8639,ENSG00000241135,202.644116751972
8640,ENSG00000241258,75.02824482704351
8641,ENSG00000241343,346.87725203879097
8642,ENSG00000241360,218.86511493598098
8643,ENSG00000241361,974.2023345774479
8644,ENSG00000241370,650.8956100390701
8645,ENSG00000241404,43.1803380428273
8646,ENSG00000241468,546.980992832239
8647,ENSG00000241549,350.452942693034
8648,ENSG00000241553,256.539855077976
8649,ENSG00000241685,394.901166952676
8650,ENSG00000241764,409.75433068854204
8651,ENSG00000241837,862.915810170716
8652,ENSG00000241839,124.23166242341499
8653,ENSG00000241973,315.257023398377
8654,ENSG00000242028,330.672159592897
8655,ENSG00000242073,110.061568043269
8656,ENSG00000242110,119.989166570607
8657,ENSG00000242125,176.557051752891
8658,ENSG00000242247,237.28829150066898
8659,ENSG00000242252,133.904437532718
8660,ENSG00000242259,1135.98952638372
8661,ENSG00000242282,323.316095599576
8662,ENSG00000242288,95.10921846167808
8663,ENSG00000242294,44.91724561883821
8664,ENSG00000242338,81.3087355668867
8665,ENSG00000242349,94.47831566575711
8666,ENSG00000242372,356.629321623032
8667,ENSG00000242485,520.7450468589041
8668,ENSG00000242553,118.894882414606
8669,ENSG00000242588,87.8521393170543
8670,ENSG00000242599,102.95238336993201
8671,ENSG00000242616,936.8697782665669
8672,ENSG00000242687,43.230563054943296
8673,ENSG00000242689,62.152376424041606
8674,ENSG00000242779,223.43156318066897
8675,ENSG00000242802,136.997964708151
8676,ENSG00000243056,109.49996726051701
8677,ENSG00000243147,503.392046215421
8678,ENSG00000243207,157.339877680314
8679,ENSG00000243251,120.102775489263
8680,ENSG00000243317,728.509503665426
8681,ENSG00000243477,789.7053072301201
8682,ENSG00000243554,162.505743134629
8683,ENSG00000243587,166.869505066576
8684,ENSG00000243646,690.771361572257
8685,ENSG00000243667,51.6702208760289
8686,ENSG00000243678,940.318573787655
8687,ENSG00000243708,98.0363808090958
8688,ENSG00000243725,157.554085523005
8689,ENSG00000243749,2864.23675561492
8690,ENSG00000243789,651.257005715872
8691,ENSG00000243811,592.965100154075
8692,ENSG00000243927,485.587293358785
8693,ENSG00000243943,381.81368773124603
8694,ENSG00000243970,51.3141882826062
8695,ENSG00000243989,3944.66368248801
8696,ENSG00000244005,436.481864762376
8697,ENSG00000244038,787.622910455227
8698,ENSG00000244041,3397.3221354805
8699,ENSG00000244045,56.9769665522141
8700,ENSG00000244055,124.804690300497
8701,ENSG00000244115,2533.87975929668
8702,ENSG00000244187,2729.3227881671
8703,ENSG00000244300,636.7983873209649
8704,ENSG00000244405,159.354868721782
8705,ENSG00000244462,254.09209039650298
8706,ENSG00000244486,352.857969781323
8707,ENSG00000244509,2548.48773025346
8708,ENSG00000244625,60.5018700401954
8709,ENSG00000244627,343.425667146739
8710,ENSG00000244687,867.97483581196
8711,ENSG00000244754,381.990922219495
8712,ENSG00000244945,41.540891438635
8713,ENSG00000245025,23.3034947290722
8714,ENSG00000245060,249.001288667715
8715,ENSG00000245213,1202.84494711583
8716,ENSG00000245275,60.618191508974
8717,ENSG00000245556,180.497600631464
8718,ENSG00000245648,182.81573871634103
8719,ENSG00000245694,669.189900435717
8720,ENSG00000245910,599.154872959716
8721,ENSG00000245937,2544.91879843734
8722,ENSG00000245958,139.296956447215
8723,ENSG00000246174,119.962158180506
8724,ENSG00000246560,218.43762976293
8725,ENSG00000246889,509.03511145709297
8726,ENSG00000246922,91.76698068008258
8727,ENSG00000246985,486.91335891039
8728,ENSG00000247077,428.659459580384
8729,ENSG00000247240,4960.59415947694
8730,ENSG00000247498,573.463079066064
8731,ENSG00000247516,171.219371307509
8732,ENSG00000247556,734.9236163614701
8733,ENSG00000247596,851.119673858557
8734,ENSG00000247708,132.531076514517
8735,ENSG00000247774,806.3130347315849
8736,ENSG00000247809,70.4244245572502
8737,ENSG00000247828,1055.54572211672
8738,ENSG00000248049,333.763840424965
8739,ENSG00000248092,359.275468016736
8740,ENSG00000248098,352.543593518957
8741,ENSG00000248101,621.771386091419
8742,ENSG00000248103,138.547635204599
8743,ENSG00000248131,351.88556395456396
8744,ENSG00000248167,132.74998872112602
8745,ENSG00000248215,7736.903256352901
8746,ENSG00000248275,788.046560301374
8747,ENSG00000248333,181.64838380177503
8748,ENSG00000248476,85.28420911193881
8749,ENSG00000248491,613.288478944743
8750,ENSG00000248498,276.572840910675
8751,ENSG00000248503,1262.1756574436
8752,ENSG00000248592,405.88703765154406
8753,ENSG00000248596,203.20116861781602
8754,ENSG00000248643,121.522378530518
8755,ENSG00000248710,52.84471951350329
8756,ENSG00000248774,46.73573055649779
8757,ENSG00000248810,167.571847152187
8758,ENSG00000248884,231.036914188623
8759,ENSG00000248919,97.3412184448982
8760,ENSG00000249069,872.703452535659
8761,ENSG00000249087,744.723137195997
8762,ENSG00000249115,670.4964426650811
8763,ENSG00000249141,1160.5076923506801
8764,ENSG00000249196,991.818153707272
8765,ENSG00000249209,861.150000810244
8766,ENSG00000249240,115.898599358816
8767,ENSG00000249319,102.020221830298
8768,ENSG00000249502,23.375253716535802
8769,ENSG00000249550,413.647967470473
8770,ENSG00000249592,310.43355605806596
8771,ENSG00000249624,647.710666784379
8772,ENSG00000249709,58.3275444878682
8773,ENSG00000249773,45.368426149904394
8774,ENSG00000249803,472.426638701231
8775,ENSG00000249859,137.73271292278798
8776,ENSG00000249884,174.772258793334
8777,ENSG00000249915,442.58240465462006
8778,ENSG00000249967,190.270767204268
8779,ENSG00000250021,297.621259893174
8780,ENSG00000250067,110.403569387314
8781,ENSG00000250075,83.9885685424657
8782,ENSG00000250132,244.16159735075402
8783,ENSG00000250151,199.292796051418
8784,ENSG00000250159,906.232835567758
8785,ENSG00000250251,462.88245751501603
8786,ENSG00000250264,2365.40309719645
8787,ENSG00000250299,92.9268315926676
8788,ENSG00000250317,1178.3095362188
8789,ENSG00000250337,11255.2536442517
8790,ENSG00000250361,623.653117954737
8791,ENSG00000250420,121.493386969097
8792,ENSG00000250424,295.66766070295
8793,ENSG00000250451,502.762573903999
8794,ENSG00000250453,152.888830471874
8795,ENSG00000250479,1069.88927134868
8796,ENSG00000250490,31.956915900376302
8797,ENSG00000250506,65.1115328206885
8798,ENSG00000250571,1084.03192928186
8799,ENSG00000250644,1100.2615878642698
8800,ENSG00000250722,625.5783429992109
8801,ENSG00000250764,41.1366393587343
8802,ENSG00000250959,99.08131610181829
8803,ENSG00000250988,85.3684103372327
8804,ENSG00000251022,241.26211500279598
8805,ENSG00000251026,256.110066269887
8806,ENSG00000251085,293.326817462848
8807,ENSG00000251129,606.530977154865
8808,ENSG00000251138,217.58090083845502
8809,ENSG00000251184,228.29571796187
8810,ENSG00000251199,422.075857088394
8811,ENSG00000251201,243.665122477394
8812,ENSG00000251323,35.4721574133254
8813,ENSG00000251349,602.729970851315
8814,ENSG00000251357,1492.7894129157
8815,ENSG00000251369,97.6232015088937
8816,ENSG00000251381,729.9764901438369
8817,ENSG00000251434,288.91454977145503
8818,ENSG00000251474,69.5175849128012
8819,ENSG00000251503,431.053662622948
8820,ENSG00000251562,680.830995658238
8821,ENSG00000251580,435.500752234331
8822,ENSG00000251595,127.043904317561
8823,ENSG00000251660,1973.7088239885102
8824,ENSG00000253251,95.439156928293
8825,ENSG00000253301,329.09236684851203
8826,ENSG00000253352,617.751077033423
8827,ENSG00000253394,267.95256888829203
8828,ENSG00000253476,89.5551555254607
8829,ENSG00000253584,381.077820042652
8830,ENSG00000253686,162.77673230051002
8831,ENSG00000253706,318.799762493966
8832,ENSG00000253710,200.39225113437402
8833,ENSG00000253716,515.715380044739
8834,ENSG00000253729,559.3026017354509
8835,ENSG00000253738,49.375184409037
8836,ENSG00000253797,222.62511918884
8837,ENSG00000253853,73.54493864893091
8838,ENSG00000253877,789.826170166323
8839,ENSG00000253878,89.89828499500359
8840,ENSG00000253948,417.382411116743
8841,ENSG00000253982,296.14248364966096
8842,ENSG00000254004,117.361246675877
8843,ENSG00000254087,196.249497290019
8844,ENSG00000254093,396.0853026772
8845,ENSG00000254101,277.938834437256
8846,ENSG00000254298,69.3157961474938
8847,ENSG00000254413,430.58673728084096
8848,ENSG00000254462,369.67217199307703
8849,ENSG00000254470,65.36164054793821
8850,ENSG00000254505,459.55987865349096
8851,ENSG00000254531,610.5548371726491
8852,ENSG00000254536,384.645735764923
8853,ENSG00000254560,185.70306253004298
8854,ENSG00000254614,170.61808654239098
8855,ENSG00000254633,92.9350443637919
8856,ENSG00000254634,124.51670720720101
8857,ENSG00000254635,161.365202462894
8858,ENSG00000254673,304.496331184361
8859,ENSG00000254692,353.11129243888604
8860,ENSG00000254732,515.089652523536
8861,ENSG00000254772,1302.5230854889
8862,ENSG00000254788,514.160444400544
8863,ENSG00000254806,74.34790882820771
8864,ENSG00000254837,90.2921589693932
8865,ENSG00000254870,295.989396487397
8866,ENSG00000254876,104.054847252075
8867,ENSG00000254929,454.539564183597
8868,ENSG00000254959,164.60574427771098
8869,ENSG00000254979,985.882636661294
8870,ENSG00000254986,320.354891375626
8871,ENSG00000254996,225.623785658642
8872,ENSG00000254999,612.766071308752
8873,ENSG00000255036,140.774255207408
8874,ENSG00000255042,644.957205504794
8875,ENSG00000255073,169.839329206846
8876,ENSG00000255152,235.096656456144
8877,ENSG00000255154,118.585209692752
8878,ENSG00000255198,101.27809130608101
8879,ENSG00000255284,669.089369016492
8880,ENSG00000255292,174.55276693102002
8881,ENSG00000255339,929.665345039229
8882,ENSG00000255432,461.004951043071
8883,ENSG00000255439,543.427322504248
8884,ENSG00000255448,199.47557841780701
8885,ENSG00000255508,1217.30444184268
8886,ENSG00000255526,441.0337587125401
8887,ENSG00000255529,193.196316048736
8888,ENSG00000255561,56.87119085945889
8889,ENSG00000255663,113.386546244894
8890,ENSG00000255666,708.319225272654
8891,ENSG00000255717,183.989337094845
8892,ENSG00000255769,425.255795839662
8893,ENSG00000255835,777.9993561970269
8894,ENSG00000255857,321.262498052948
8895,ENSG00000255863,425.043240975382
8896,ENSG00000255872,65.9482013908861
8897,ENSG00000256001,267.348089492032
8898,ENSG00000256028,389.730186181459
8899,ENSG00000256053,503.56994170686096
8900,ENSG00000256060,103.904382810765
8901,ENSG00000256087,86.0590515393676
8902,ENSG00000256206,480.310518284006
8903,ENSG00000256223,187.50792145531798
8904,ENSG00000256235,258.000988341962
8905,ENSG00000256269,223.85022293697702
8906,ENSG00000256349,232.900131715152
8907,ENSG00000256417,100.206321034792
8908,ENSG00000256500,304.98699695414797
8909,ENSG00000256514,726.2195759429849
8910,ENSG00000256525,435.55118712723197
8911,ENSG00000256566,118.06947910988
8912,ENSG00000256591,109.378819563871
8913,ENSG00000256594,446.665849517247
8914,ENSG00000256625,27.308719487188
8915,ENSG00000256646,696.433626493266
8916,ENSG00000256667,154.187843525743
8917,ENSG00000256683,60.39446162907971
8918,ENSG00000256771,97.9399659611448
8919,ENSG00000256825,140.139657498303
8920,ENSG00000256861,348.69644549516
8921,ENSG00000256966,131.00750836792298
8922,ENSG00000256971,101.476203479707
8923,ENSG00000257065,175.142858325286
8924,ENSG00000257103,125.02774815823999
8925,ENSG00000257218,298.851594169513
8926,ENSG00000257267,329.57008894272303
8927,ENSG00000257379,478.269601858805
8928,ENSG00000257390,118.22718391550801
8929,ENSG00000257411,625.2457125076011
8930,ENSG00000257524,984.739466625157
8931,ENSG00000257529,356.75432787070196
8932,ENSG00000257621,114.82236648262
8933,ENSG00000257681,120.22811839042299
8934,ENSG00000257698,717.595218635078
8935,ENSG00000257727,371.352687477375
8936,ENSG00000257815,61.2121033819025
8937,ENSG00000257893,449.314454582609
8938,ENSG00000257921,105.313334189674
8939,ENSG00000257923,158.997751511288
8940,ENSG00000257949,128.694412878092
8941,ENSG00000257950,357.266197751891
8942,ENSG00000258028,227.648392095102
8943,ENSG00000258038,144.721152755703
8944,ENSG00000258052,2797.5892643960997
8945,ENSG00000258056,321.740289232033
8946,ENSG00000258064,277.519174978822
8947,ENSG00000258210,692.06293967573
8948,ENSG00000258289,251.48298318958803
8949,ENSG00000258311,425.46663070715897
8950,ENSG00000258315,478.775594194806
8951,ENSG00000258317,51.8057159076083
8952,ENSG00000258365,99.83925316224371
8953,ENSG00000258388,173.72319425417703
8954,ENSG00000258399,182.01480169095
8955,ENSG00000258429,143.57215131822701
8956,ENSG00000258465,332.765110459786
8957,ENSG00000258466,353.299802367182
8958,ENSG00000258472,305.286229538769
8959,ENSG00000258529,303.61231663002104
8960,ENSG00000258539,96.7699099181738
8961,ENSG00000258555,159.303783300122
8962,ENSG00000258643,336.907643865442
8963,ENSG00000258653,161.42621596876998
8964,ENSG00000258674,607.311113703011
8965,ENSG00000258677,210.190325591725
8966,ENSG00000258724,366.40808249340205
8967,ENSG00000258725,39.6752209322243
8968,ENSG00000258728,651.7767627986731
8969,ENSG00000258790,436.605906644236
8970,ENSG00000258791,156.251637003932
8971,ENSG00000258830,376.07204478496396
8972,ENSG00000258838,107.310968454462
8973,ENSG00000258839,126.130707352023
8974,ENSG00000258864,391.108564193968
8975,ENSG00000258881,258.93097819959803
8976,ENSG00000258890,166.520658115609
8977,ENSG00000258924,55.498786091592905
8978,ENSG00000258932,634.610391582371
8979,ENSG00000258941,370.96575810543703
8980,ENSG00000258984,338.41888256859403
8981,ENSG00000259024,191.41823311651402
8982,ENSG00000259040,245.968592776743
8983,ENSG00000259053,116.280309525197
8984,ENSG00000259080,389.809589161865
8985,ENSG00000259112,489.380151201934
8986,ENSG00000259115,187.072344070185
8987,ENSG00000259132,6551.79043496761
8988,ENSG00000259138,16.1261970570003
8989,ENSG00000259288,212.676521751935
8990,ENSG00000259305,208.49801364050597
8991,ENSG00000259315,292.31592884126
8992,ENSG00000259332,432.57626578924896
8993,ENSG00000259371,402.54458382928397
8994,ENSG00000259399,284.706584717284
8995,ENSG00000259429,1336.71315179688
8996,ENSG00000259469,107.166584156041
8997,ENSG00000259471,300.781453000077
8998,ENSG00000259494,234.82432663104697
8999,ENSG00000259522,371.518671174777
9000,ENSG00000259529,266.26193617495
9001,ENSG00000259560,76.72634297185971
9002,ENSG00000259692,357.199114493511
9003,ENSG00000259719,62.537028809496604
9004,ENSG00000259784,515.967627671315
9005,ENSG00000259786,364.58018221531
9006,ENSG00000259827,113.21503540812701
9007,ENSG00000259845,64.4913880106179
9008,ENSG00000259900,116.148580517988
9009,ENSG00000259992,1199.6300848835099
9010,ENSG00000260007,399.85843222356596
9011,ENSG00000260144,30.6891943438271
9012,ENSG00000260238,345.86282359366203
9013,ENSG00000260260,48.2077927859735
9014,ENSG00000260269,263.763660794077
9015,ENSG00000260272,397.07629927300303
9016,ENSG00000260276,179.241123474903
9017,ENSG00000260342,226.775793528227
9018,ENSG00000260371,116.148580517988
9019,ENSG00000260404,77.4153116098317
9020,ENSG00000260456,105.81948699254801
9021,ENSG00000260518,124.121479053872
9022,ENSG00000260537,350.249132817188
9023,ENSG00000260669,340.142994541687
9024,ENSG00000260729,366.462796815736
9025,ENSG00000260836,829.766950104786
9026,ENSG00000260851,116.532425366111
9027,ENSG00000260899,82.34636233896629
9028,ENSG00000260914,384.07529340134397
9029,ENSG00000260916,394.841421851999
9030,ENSG00000261008,111.416399806318
9031,ENSG00000261011,683.1860833925
9032,ENSG00000261067,321.757911411254
9033,ENSG00000261147,307.951816696474
9034,ENSG00000261221,536.218994161874
9035,ENSG00000261236,833.538942117948
9036,ENSG00000261341,23.5083671943674
9037,ENSG00000261373,1437.2180849806198
9038,ENSG00000261377,292.164477943311
9039,ENSG00000261386,38.5061201396042
9040,ENSG00000261408,105.92895695143801
9041,ENSG00000261448,1394.01831414932
9042,ENSG00000261487,1088.17482837367
9043,ENSG00000261490,50.9025700589342
9044,ENSG00000261553,322.201988704817
9045,ENSG00000261556,37.400805481086294
9046,ENSG00000261609,144.690709322854
9047,ENSG00000261611,149.7974890139
9048,ENSG00000261717,353.144879349893
9049,ENSG00000261732,154.601498490481
9050,ENSG00000261761,125.213166569767
9051,ENSG00000261771,356.943129702614
9052,ENSG00000261777,70.8679911799833
9053,ENSG00000261796,184.909258128152
9054,ENSG00000261824,883.6107117070551
9055,ENSG00000261832,900.2511147795801
9056,ENSG00000261864,36.7065331124534
9057,ENSG00000261884,435.146027369677
9058,ENSG00000261915,400.963120509909
9059,ENSG00000262246,407.351512039459
9060,ENSG00000262302,539.166813118439
9061,ENSG00000262304,218.82156483301998
9062,ENSG00000262481,1890.35122756222
9063,ENSG00000262484,72.7685963936401
9064,ENSG00000262526,459.316929731818
9065,ENSG00000262621,157.427996499346
9066,ENSG00000262633,100.93994037403499
9067,ENSG00000262660,379.947645268843
9068,ENSG00000262664,242.098293215381
9069,ENSG00000262730,32.0525363842399
9070,ENSG00000262814,325.235134229071
9071,ENSG00000262879,72.30820645047321
9072,ENSG00000262919,445.604962842307
9073,ENSG00000263001,240.01216123173802
9074,ENSG00000263020,669.811131791234
9075,ENSG00000263335,58.0959054797616
9076,ENSG00000263620,376.267935049167
9077,ENSG00000263647,73.956702015043
9078,ENSG00000263711,653.5452058801931
9079,ENSG00000263766,329.72973294983103
9080,ENSG00000263798,675.870949436655
9081,ENSG00000263809,754.219471447583
9082,ENSG00000263862,33.365045838439805
9083,ENSG00000263956,90.35136878659651
9084,ENSG00000264058,454.851985088759
9085,ENSG00000264112,117.564013441803
9086,ENSG00000264187,157.255969731176
9087,ENSG00000264242,39.1105384499015
9088,ENSG00000264278,301.216557593702
9089,ENSG00000264324,510.894565521595
9090,ENSG00000264364,309.333490354431
9091,ENSG00000264522,166.194915099322
9092,ENSG00000264538,56.911121189983795
9093,ENSG00000264668,154.449844820176
9094,ENSG00000264734,56.940744590389606
9095,ENSG00000264772,373.064249892671
9096,ENSG00000264813,155.048825030738
9097,ENSG00000264920,415.954184479972
9098,ENSG00000265241,176.77645443740602
9099,ENSG00000265257,561.72601620662
9100,ENSG00000265264,270.339711243106
9101,ENSG00000265282,21.338390496319803
9102,ENSG00000265303,372.86303443495
9103,ENSG00000265354,210.159451863428
9104,ENSG00000265408,588.526188269405
9105,ENSG00000265451,53.70514142807671
9106,ENSG00000265491,357.267419869187
9107,ENSG00000265590,889.339559544932
9108,ENSG00000265681,920.362020519141
9109,ENSG00000265690,440.801775885179
9110,ENSG00000265794,185.11563960416402
9111,ENSG00000265808,412.57649624061503
9112,ENSG00000265817,208.39079965434
9113,ENSG00000265818,299.71915109497
9114,ENSG00000265843,1830.5784332198898
9115,ENSG00000265888,46.453433189434904
9116,ENSG00000265972,52.628195752010896
9117,ENSG00000266028,102.23084118585899
9118,ENSG00000266086,110.613416871395
9119,ENSG00000266094,180.891072590635
9120,ENSG00000266173,649.309449722046
9121,ENSG00000266338,477.276150676092
9122,ENSG00000266401,81.33186601918109
9123,ENSG00000266402,93.76263992645399
9124,ENSG00000266412,242.043986509138
9125,ENSG00000266472,451.33870311509696
9126,ENSG00000266736,24.7398690943155
9127,ENSG00000266820,45.9431708401941
9128,ENSG00000266929,185.06418467840197
9129,ENSG00000266967,392.998399613478
9130,ENSG00000266976,288.26192455106496
9131,ENSG00000266997,630.130725460748
9132,ENSG00000267001,363.99417613876
9133,ENSG00000267009,586.49845760972
9134,ENSG00000267022,63.0117163529319
9135,ENSG00000267030,52.7751926666926
9136,ENSG00000267041,61.456574284686496
9137,ENSG00000267059,351.857802580754
9138,ENSG00000267060,134.063717729083
9139,ENSG00000267080,110.221105862653
9140,ENSG00000267110,376.089289046184
9141,ENSG00000267120,353.199764279562
9142,ENSG00000267127,50.2901215784349
9143,ENSG00000267149,159.879083228745
9144,ENSG00000267157,142.191279850798
9145,ENSG00000267216,214.725935250971
9146,ENSG00000267228,532.983099965786
9147,ENSG00000267243,1001.12574208112
9148,ENSG00000267261,484.866504610758
9149,ENSG00000267277,108.977547923743
9150,ENSG00000267281,70.02887762877711
9151,ENSG00000267303,384.621883410503
9152,ENSG00000267318,171.335078680279
9153,ENSG00000267321,306.396841264287
9154,ENSG00000267374,370.552186340276
9155,ENSG00000267426,526.553834916782
9156,ENSG00000267467,113.889274747193
9157,ENSG00000267475,54.3522209551474
9158,ENSG00000267477,49.634343846190795
9159,ENSG00000267561,342.081470754259
9160,ENSG00000267575,128.129088788916
9161,ENSG00000267577,1338.10849288441
9162,ENSG00000267618,325.91506006124297
9163,ENSG00000267673,469.527078586438
9164,ENSG00000267699,103.75483514129101
9165,ENSG00000267740,242.31992926899
9166,ENSG00000267751,166.299690214757
9167,ENSG00000267796,432.668228422564
9168,ENSG00000267855,650.186187485577
9169,ENSG00000267896,117.82675454585
9170,ENSG00000268043,78.20758288983279
9171,ENSG00000268083,358.60408423171504
9172,ENSG00000268133,45.975305512464104
9173,ENSG00000268173,272.576468711725
9174,ENSG00000268362,71.0079606439263
9175,ENSG00000268400,1157.0584309133199
9176,ENSG00000268434,754.6875144602319
9177,ENSG00000268439,223.11754225898997
9178,ENSG00000268465,111.543423974688
9179,ENSG00000268516,747.1336634453239
9180,ENSG00000268543,354.050739510484
9181,ENSG00000268575,135.893467466358
9182,ENSG00000268614,839.757786117014
9183,ENSG00000268621,1243.61972300628
9184,ENSG00000268643,327.585256989604
9185,ENSG00000268750,96.17039936483879
9186,ENSG00000268790,199.994279454949
9187,ENSG00000268916,1550.3678007509698
9188,ENSG00000268975,933.5120292876961
9189,ENSG00000269026,41.6032052170042
9190,ENSG00000269095,204.70260728557702
9191,ENSG00000269237,374.613317050519
9192,ENSG00000269242,626.098830283152
9193,ENSG00000269293,182.45911095527
9194,ENSG00000269307,689.177580130328
9195,ENSG00000269335,279.049826260379
9196,ENSG00000269343,172.852506166796
9197,ENSG00000269352,111.777767079808
9198,ENSG00000269386,224.84670365832997
9199,ENSG00000269403,1175.93658462619
9200,ENSG00000269404,77.17848170813991
9201,ENSG00000269547,533.577609741953
9202,ENSG00000269590,568.400385633973
9203,ENSG00000269600,71.79660977330241
9204,ENSG00000269609,583.98316205945
9205,ENSG00000269693,52.9940774949396
9206,ENSG00000269743,438.832085789396
9207,ENSG00000269749,112.358264179397
9208,ENSG00000269858,202.47351788733798
9209,ENSG00000269881,1278.77828339148
9210,ENSG00000269893,167.152356452123
9211,ENSG00000269897,328.178957320603
9212,ENSG00000269955,210.78509109944198
9213,ENSG00000270024,187.21616095529998
9214,ENSG00000270106,168.84953897301
9215,ENSG00000270136,525.797859035706
9216,ENSG00000270149,608.51700706417
9217,ENSG00000270181,284.644059344194
9218,ENSG00000270231,483.433720237349
9219,ENSG00000270249,305.367472486712
9220,ENSG00000270316,64.4483134230507
9221,ENSG00000270617,450.057823655259
9222,ENSG00000270629,194.89169535601502
9223,ENSG00000270647,462.80557767207705
9224,ENSG00000270757,242.868302527052
9225,ENSG00000270800,811.939028123327
9226,ENSG00000270816,368.079960913782
9227,ENSG00000270872,126.071521861191
9228,ENSG00000270898,362.33722689672203
9229,ENSG00000271092,305.893764681218
9230,ENSG00000271147,343.238894886661
9231,ENSG00000271303,121.322268990373
9232,ENSG00000271335,454.8018943454
9233,ENSG00000271417,187.440194066091
9234,ENSG00000271601,337.041201890994
9235,ENSG00000271605,222.120743320302
9236,ENSG00000271723,214.11494991667598
9237,ENSG00000271725,31.3558708807057
9238,ENSG00000271736,277.66256734192
9239,ENSG00000271741,333.57312877797
9240,ENSG00000271793,319.252045017989
9241,ENSG00000271810,640.7984723775779
9242,ENSG00000271816,68.90633327203179
9243,ENSG00000271853,119.846551178159
9244,ENSG00000271856,243.34182133043498
9245,ENSG00000271880,646.889237528345
9246,ENSG00000271949,342.442473058916
9247,ENSG00000272047,604.981630663813
9248,ENSG00000272053,1366.3787741297099
9249,ENSG00000272140,72.6924484923087
9250,ENSG00000272162,425.46057421805295
9251,ENSG00000272217,57.934747494045
9252,ENSG00000272273,512.438057481178
9253,ENSG00000272288,1249.6391837035499
9254,ENSG00000272325,351.51921876495203
9255,ENSG00000272328,591.5641156563299
9256,ENSG00000272333,249.108938535279
9257,ENSG00000272368,39.4851189239075
9258,ENSG00000272391,261.867514271426
9259,ENSG00000272398,1452.8483580721
9260,ENSG00000272410,163.72709341989798
9261,ENSG00000272508,557.0923189968711
9262,ENSG00000272556,118.613538842861
9263,ENSG00000272578,279.09351952994
9264,ENSG00000272602,341.941210511894
9265,ENSG00000272620,139.109197449373
9266,ENSG00000272647,143.290743217699
9267,ENSG00000272655,86.23304342424329
9268,ENSG00000272657,587.8723116984099
9269,ENSG00000272679,968.386838644554
9270,ENSG00000272741,284.130609241284
9271,ENSG00000272752,161.775635860151
9272,ENSG00000272762,17296.4261771936
9273,ENSG00000272772,681.155296744407
9274,ENSG00000272779,400.051227516024
9275,ENSG00000272822,554.609738989516
9276,ENSG00000272869,280.21472121194597
9277,ENSG00000272886,135.168893053825
9278,ENSG00000272888,138.294841976216
9279,ENSG00000272897,345.86288731279404
9280,ENSG00000272899,59.399922356331
9281,ENSG00000272916,230.51780773379298
9282,ENSG00000272917,269.883055866124
9283,ENSG00000272921,517.540720478388
9284,ENSG00000272968,126.308103084524
9285,ENSG00000272980,274.626763521493
9286,ENSG00000273000,526.743396047931
9287,ENSG00000273003,659.608930324963
9288,ENSG00000273025,215.564773474526
9289,ENSG00000273061,360.410178276969
9290,ENSG00000273088,817.855148011748
9291,ENSG00000273112,2715.4877305078103
9292,ENSG00000273154,219.229745836723
9293,ENSG00000273155,572.657139012725
9294,ENSG00000273184,218.03596891427102
9295,ENSG00000273189,495.211720229725
9296,ENSG00000273217,117.473027418306
9297,ENSG00000273265,49.6831813015921
9298,ENSG00000273269,184.75763680724498
9299,ENSG00000273294,93.41188961432329
9300,ENSG00000273299,191.749220102154
9301,ENSG00000273331,263.946417821428
9302,ENSG00000273398,204.829185359198
9303,ENSG00000273432,111.164504931645
9304,ENSG00000273559,110.52109030544099
9305,ENSG00000273611,298.22220834576
9306,ENSG00000273637,138.533520878764
9307,ENSG00000273734,1793.82246816239
9308,ENSG00000273749,930.8297255320109
9309,ENSG00000273784,110.35091013145001
9310,ENSG00000273840,150.784479827985
9311,ENSG00000273841,1516.72444756316
9312,ENSG00000273899,188.921058554637
9313,ENSG00000274020,772.4583299821229
9314,ENSG00000274049,335.66979806359797
9315,ENSG00000274070,140.15117059119302
9316,ENSG00000274211,240.43113865136002
9317,ENSG00000274272,364.500746609401
9318,ENSG00000274322,1074.6456458611
9319,ENSG00000274372,40.1481012262963
9320,ENSG00000274386,79.2900560515905
9321,ENSG00000274391,133.795761947273
9322,ENSG00000274471,121.853632359648
9323,ENSG00000274523,307.150088548095
9324,ENSG00000274527,191.19308897322497
9325,ENSG00000274536,131.19910487383999
9326,ENSG00000274769,191.01207985226398
9327,ENSG00000274874,458.610360489766
9328,ENSG00000274949,141.69406982689898
9329,ENSG00000275004,102.78094262000799
9330,ENSG00000275016,354.563352953517
9331,ENSG00000275023,539.779485013854
9332,ENSG00000275052,201.287114310242
9333,ENSG00000275066,241.118496803528
9334,ENSG00000275111,49.89136793229999
9335,ENSG00000275131,226.231464861422
9336,ENSG00000275342,70.397863744501
9337,ENSG00000275700,371.4290801478
9338,ENSG00000275740,204.631469879184
9339,ENSG00000275778,231.815250509135
9340,ENSG00000275835,217.693598816204
9341,ENSG00000275895,143.28664815575502
9342,ENSG00000276023,123.123736801312
9343,ENSG00000276026,90.1893300438177
9344,ENSG00000276043,279.587219828077
9345,ENSG00000276087,700.272214065567
9346,ENSG00000276234,180.91038608747
9347,ENSG00000276291,282.94617515024896
9348,ENSG00000276293,282.71069109047
9349,ENSG00000276302,94.5117671891344
9350,ENSG00000276418,276.39132020457
9351,ENSG00000276805,96.23628387767022
9352,ENSG00000277072,114.50336829870001
9353,ENSG00000277149,44.4984468340195
9354,ENSG00000277161,41.6634226561506
9355,ENSG00000277258,734.7364336211481
9356,ENSG00000277654,100.81745398948601
9357,ENSG00000277669,719.118936394607
9358,ENSG00000277693,344.496674300552
9359,ENSG00000277726,174.368691065294
9360,ENSG00000277791,637.506664300083
9361,ENSG00000277877,162.182081847731
9362,ENSG00000277957,453.384445123104
9363,ENSG00000277971,235.799621556279
9364,ENSG00000277972,1224.53987441502
9365,ENSG00000278053,287.65875616768
9366,ENSG00000278129,194.412852830251
9367,ENSG00000278139,56.371052144268596
9368,ENSG00000278202,1585.0787983125101
9369,ENSG00000278259,349.402120137603
9370,ENSG00000278311,164.476092867157
9371,ENSG00000278419,352.476225294608
9372,ENSG00000278535,1005.37724280388
9373,ENSG00000278540,216.693509234528
9374,ENSG00000278615,291.153037963037
9375,ENSG00000278619,992.124254158119
9376,ENSG00000278845,466.39644867849603
9377,ENSG00000278882,11.1197916261013
9378,ENSG00000278931,152.196518401411
9379,ENSG00000278932,280.304226151664
9380,ENSG00000279457,145.001232383849
9381,ENSG00000279516,169.35064108137698
9382,ENSG00000279624,328.6741516056
9383,ENSG00000279669,677.112936852282
9384,ENSG00000279765,79.79700348709251
9385,ENSG00000280148,340.036696582421
9386,ENSG00000280537,153.815606345987
9387,ENSG00000280571,1046.30211883712
9388,ENSG00000280607,194.369094845726
9389,ENSG00000280670,327.297695979998
9390,ENSG00000280789,187.626394333093
9391,ENSG00000280828,82.9625159166436
9392,ENSG00000280893,187.626394333093
9393,ENSG00000281028,340.951178091819
9394,ENSG00000281039,975.278662390467
9395,ENSG00000281131,253.26135776959597
9396,ENSG00000281398,254.25068806433399
9397,ENSG00000281501,155.33696437064899
9398,ENSG00000281566,854.9185638600779
9399,ENSG00000281593,273.363265641535
9400,ENSG00000281649,273.714376617247
9401,ENSG00000281706,79.772865205744
9402,ENSG00000281991,83.58708958088809
9403,ENSG00000282031,1100.2848277407002
9404,ENSG00000282034,124.08756292602502
9405,ENSG00000282218,324.059457759097
9406,ENSG00000282246,154.572215065379
9407,ENSG00000282278,418.88302655286003
9408,ENSG00000282826,170.1968250319
9409,ENSG00000282851,491.244666151002
9410,ENSG00000282870,61.0344175348756
9411,ENSG00000282883,417.513300394562
9412,ENSG00000282889,388.53253492113504
9413,ENSG00000282907,1404.16239353831
9414,ENSG00000282913,224.758454259932
9415,ENSG00000282955,971.991814004262
9416,ENSG00000282960,191.19308897322497
9417,ENSG00000282988,73.3053861946977
9418,ENSG00000282995,619.664687810087
9419,ENSG00000283023,98.3473152817207
9420,ENSG00000283047,377.830251789265
9421,ENSG00000283050,131.26144534841
9422,ENSG00000283088,79.008339790351
9423,ENSG00000283095,746.106640734582
9424,ENSG00000283103,97.8765758184732
9425,ENSG00000283117,1186.6876525193902
>>>>>>> d94c59cd61e6abccaec3d4f8e250ed29a9d2168e
